Voltage(V)	Current(A)	J(mA/cm2)	PE(lm/W)	EQE(%)	L(cd/m2)
-9.99964E-1	-9.31741E-9	-5.82338E-5	2.65913E+3	8.39751E+2	4.92889E-1
-7.99953E-1	2.56781E-8	1.60488E-4	1.30318E+3	5.28005E+2	5.32551E-1
-5.99930E-1	2.93797E-8	1.83623E-4	2.85413E+2	7.29698E+1	1.00081E-1
-3.99919E-1	2.80916E-8	1.75573E-4	3.76565E+3	2.99498E+2	8.41625E-1
-1.99967E-1	3.14626E-8	1.96641E-4	0.00000E+0	0.00000E+0	0.00000E+0
8.59499E-5	2.84366E-8	1.77729E-4	0.00000E+0	0.00000E+0	0.00000E+0
2.00080E-1	3.20609E-8	2.00381E-4	0.00000E+0	0.00000E+0	0.00000E+0
4.00023E-1	3.40590E-8	2.12869E-4	0.00000E+0	0.00000E+0	0.00000E+0
6.00021E-1	3.13801E-8	1.96126E-4	0.00000E+0	0.00000E+0	0.00000E+0
8.00036E-1	3.18635E-8	1.99147E-4	0.00000E+0	0.00000E+0	0.00000E+0
1.00004E+0	3.89776E-8	2.43610E-4	0.00000E+0	0.00000E+0	0.00000E+0
1.20004E+0	4.24243E-8	2.65152E-4	0.00000E+0	0.00000E+0	0.00000E+0
1.40004E+0	5.53086E-8	3.45679E-4	0.00000E+0	0.00000E+0	0.00000E+0
1.60004E+0	7.67882E-8	4.79926E-4	0.00000E+0	0.00000E+0	0.00000E+0
1.80003E+0	8.93018E-8	5.58136E-4	0.00000E+0	0.00000E+0	0.00000E+0
2.00000E+0	9.08743E-8	5.67964E-4	0.00000E+0	0.00000E+0	0.00000E+0
2.20026E+0	1.62135E-7	1.01334E-3	0.00000E+0	0.00000E+0	0.00000E+0
2.40020E+0	2.49426E-7	1.55891E-3	0.00000E+0	0.00000E+0	0.00000E+0
2.60016E+0	4.30798E-7	2.69249E-3	0.00000E+0	0.00000E+0	0.00000E+0
2.80010E+0	7.21488E-7	4.50930E-3	0.00000E+0	0.00000E+0	0.00000E+0
3.00010E+0	1.14925E-6	7.18281E-3	0.00000E+0	0.00000E+0	0.00000E+0
3.20017E+0	1.75761E-6	1.09851E-2	0.00000E+0	0.00000E+0	0.00000E+0
3.40008E+0	2.90275E-6	1.81422E-2	0.00000E+0	0.00000E+0	0.00000E+0
3.60007E+0	6.28921E-6	3.93076E-2	0.00000E+0	0.00000E+0	0.00000E+0
3.80013E+0	1.89881E-5	1.18676E-1	0.00000E+0	0.00000E+0	0.00000E+0
4.00005E+0	3.31807E-5	2.07379E-1	0.00000E+0	0.00000E+0	0.00000E+0
4.20000E+0	5.60328E-5	3.50205E-1	0.00000E+0	0.00000E+0	0.00000E+0
4.39995E+0	1.22025E-4	7.62656E-1	0.00000E+0	0.00000E+0	0.00000E+0
4.59996E+0	1.73623E-4	1.08514E+0	0.00000E+0	0.00000E+0	0.00000E+0
4.80040E+0	2.09484E-4	1.30927E+0	0.00000E+0	0.00000E+0	0.00000E+0
5.00032E+0	2.86947E-4	1.79342E+0	0.00000E+0	0.00000E+0	0.00000E+0
5.20031E+0	3.80544E-4	2.37840E+0	0.00000E+0	0.00000E+0	0.00000E+0
5.40028E+0	3.95170E-4	2.46981E+0	0.00000E+0	0.00000E+0	0.00000E+0
5.60027E+0	3.85101E-4	2.40688E+0	0.00000E+0	0.00000E+0	0.00000E+0
5.80029E+0	4.53689E-4	2.83556E+0	0.00000E+0	0.00000E+0	0.00000E+0
6.00026E+0	4.97728E-4	3.11080E+0	0.00000E+0	0.00000E+0	0.00000E+0
6.20028E+0	5.78430E-4	3.61519E+0	0.00000E+0	0.00000E+0	0.00000E+0
6.40030E+0	6.23487E-4	3.89679E+0	0.00000E+0	0.00000E+0	0.00000E+0
6.60025E+0	6.95161E-4	4.34476E+0	0.00000E+0	0.00000E+0	0.00000E+0
6.80022E+0	7.55768E-4	4.72355E+0	0.00000E+0	0.00000E+0	0.00000E+0
7.00022E+0	8.40271E-4	5.25169E+0	0.00000E+0	0.00000E+0	0.00000E+0
7.20019E+0	9.51904E-4	5.94940E+0	0.00000E+0	0.00000E+0	0.00000E+0
7.40020E+0	1.03667E-3	6.47919E+0	0.00000E+0	0.00000E+0	0.00000E+0
7.60020E+0	1.17044E-3	7.31525E+0	0.00000E+0	0.00000E+0	0.00000E+0
7.80021E+0	1.31771E-3	8.23569E+0	0.00000E+0	0.00000E+0	0.00000E+0
8.00019E+0	1.49435E-3	9.33969E+0	0.00000E+0	0.00000E+0	0.00000E+0
8.20013E+0	1.67620E-3	1.04763E+1	0.00000E+0	0.00000E+0	0.00000E+0
8.40018E+0	1.87938E-3	1.17461E+1	0.00000E+0	0.00000E+0	0.00000E+0
8.60017E+0	2.13340E-3	1.33338E+1	0.00000E+0	0.00000E+0	0.00000E+0
8.80019E+0	2.38769E-3	1.49231E+1	0.00000E+0	0.00000E+0	0.00000E+0
9.00015E+0	2.65705E-3	1.66066E+1	0.00000E+0	0.00000E+0	0.00000E+0
9.20012E+0	2.97989E-3	1.86243E+1	0.00000E+0	0.00000E+0	0.00000E+0
9.40010E+0	3.32476E-3	2.07797E+1	0.00000E+0	0.00000E+0	0.00000E+0
9.60041E+0	3.69683E-3	2.31052E+1	0.00000E+0	0.00000E+0	0.00000E+0
9.80039E+0	4.11132E-3	2.56958E+1	0.00000E+0	0.00000E+0	0.00000E+0
1.00005E+1	4.55610E-3	2.84756E+1	0.00000E+0	0.00000E+0	0.00000E+0
1.02004E+1	5.04691E-3	3.15432E+1	0.00000E+0	0.00000E+0	0.00000E+0
1.04005E+1	5.58014E-3	3.48759E+1	0.00000E+0	0.00000E+0	0.00000E+0
1.06004E+1	6.15350E-3	3.84594E+1	0.00000E+0	0.00000E+0	0.00000E+0
1.08004E+1	6.77548E-3	4.23468E+1	0.00000E+0	0.00000E+0	0.00000E+0
1.10004E+1	7.44572E-3	4.65358E+1	0.00000E+0	0.00000E+0	0.00000E+0
1.12004E+1	8.18942E-3	5.11839E+1	0.00000E+0	0.00000E+0	0.00000E+0
1.14004E+1	8.97705E-3	5.61066E+1	0.00000E+0	0.00000E+0	0.00000E+0
1.16004E+1	9.78790E-3	6.11744E+1	0.00000E+0	0.00000E+0	0.00000E+0
1.18003E+1	1.07301E-2	6.70631E+1	0.00000E+0	0.00000E+0	0.00000E+0
1.20003E+1	1.17323E-2	7.33269E+1	0.00000E+0	0.00000E+0	0.00000E+0
