Voltage(V)	Current(A)	J(mA/cm2)	PE(lm/W)	EQE(%)	L(cd/m2)
-9.99972E-1	-3.94793E-9	-2.46746E-5	-1.90491E+3	1.37274E+3	-1.49611E-1
-7.99968E-1	2.86853E-8	1.79283E-4	-7.39733E+2	-1.91784E+2	-3.37705E-1
-5.99943E-1	3.49773E-8	2.18608E-4	-1.30503E+3	-2.11081E+2	-5.44812E-1
-3.99938E-1	2.79787E-8	1.74867E-4	-2.64993E+3	7.99822E+2	-5.89908E-1
-1.99980E-1	3.19585E-8	1.99741E-4	-2.60188E+3	-4.33836E+2	-3.30819E-1
6.23465E-5	3.37399E-8	2.10874E-4	-6.22197E+6	-5.07222E+2	-2.60384E-1
2.00055E-1	3.06710E-8	1.91694E-4	-2.94910E+3	1.10771E+2	-3.59996E-1
4.00005E-1	3.47147E-8	2.16967E-4	3.47745E+2	-4.26404E+2	9.60660E-2
5.99993E-1	3.23814E-8	2.02384E-4	-6.31007E+2	-3.91896E+2	-2.43897E-1
8.00002E-1	2.51792E-8	1.57370E-4	2.26922E+1	-4.70092E+2	9.09369E-3
1.00001E+0	3.31998E-8	2.07499E-4	-3.12433E+2	-3.14785E+2	-2.06361E-1
1.20002E+0	3.94984E-8	2.46865E-4	-2.21229E+2	-6.99292E+2	-2.08613E-1
1.40002E+0	4.29741E-8	2.68588E-4	6.16101E+0	5.48248E+2	7.37434E-3
1.60002E+0	4.78707E-8	2.99192E-4	-1.30985E+2	1.51854E+2	-1.99594E-1
1.80001E+0	7.42840E-8	4.64275E-4	1.60276E+1	-7.66612E+0	4.26352E-2
1.99997E+0	8.81461E-8	5.50913E-4	-3.91204E+1	9.12474E+1	-1.37202E-1
2.19998E+0	2.68740E-7	1.67963E-3	-1.30225E+1	1.31766E+1	-1.53171E-1
2.39990E+0	5.34846E-7	3.34279E-3	-1.89104E+1	3.32902E+1	-4.82894E-1
2.59990E+0	9.85157E-7	6.15723E-3	-9.36041E+0	-5.73254E+0	-4.76965E-1
2.79988E+0	1.62286E-6	1.01429E-2	-3.08014E+0	-2.90023E+0	-2.78433E-1
2.99981E+0	2.95084E-6	1.84428E-2	-2.00515E+0	7.21522E+0	-3.53115E-1
3.19981E+0	4.87814E-6	3.04884E-2	-8.32873E-1	-1.00905E+0	-2.58635E-1
3.39979E+0	7.74901E-6	4.84313E-2	4.62659E-1	-1.26900E+0	2.42488E-1
3.59980E+0	1.17658E-5	7.35362E-2	7.39520E-1	-8.42269E-1	6.23131E-1
3.79983E+0	1.75525E-5	1.09703E-1	5.34190E-1	4.98938E-1	7.08808E-1
3.99975E+0	2.52910E-5	1.58069E-1	8.24061E-1	6.20051E-1	1.65840E+0
4.19972E+0	3.56465E-5	2.22791E-1	9.47460E-1	3.22927E-1	2.82181E+0
4.39968E+0	4.90820E-5	3.06762E-1	9.62453E-1	3.96552E-1	4.13478E+0
4.59964E+0	6.64297E-5	4.15186E-1	1.00422E+0	5.09437E-1	6.10440E+0
4.80000E+0	8.88652E-5	5.55407E-1	1.02009E+0	6.16394E-1	8.65651E+0
4.99997E+0	1.17531E-4	7.34569E-1	9.86188E-1	5.66787E-1	1.15295E+1
5.19997E+0	1.51930E-4	9.49562E-1	9.89187E-1	4.96073E-1	1.55472E+1
5.39996E+0	1.95774E-4	1.22359E+0	9.39973E-1	5.64885E-1	1.97693E+1
5.59992E+0	2.46919E-4	1.54324E+0	9.15606E-1	5.52059E-1	2.51869E+1
5.79999E+0	3.10092E-4	1.93807E+0	9.05020E-1	6.00130E-1	3.23822E+1
5.99992E+0	3.83113E-4	2.39446E+0	8.78568E-1	5.60086E-1	4.01770E+1
6.19994E+0	4.66381E-4	2.91488E+0	8.59489E-1	6.13133E-1	4.94423E+1
6.39998E+0	5.60046E-4	3.50029E+0	8.25344E-1	5.96478E-1	5.88529E+1
6.59995E+0	6.72793E-4	4.20496E+0	8.07811E-1	5.95142E-1	7.13612E+1
6.79990E+0	7.97954E-4	4.98721E+0	7.83231E-1	5.63209E-1	8.45474E+1
6.99980E+0	9.43175E-4	5.89484E+0	7.64125E-1	5.93983E-1	1.00363E+2
7.19979E+0	1.10679E-3	6.91744E+0	7.33762E-1	5.61122E-1	1.16324E+2
7.39987E+0	1.28746E-3	8.04663E+0	7.05660E-1	5.72005E-1	1.33747E+2
7.59988E+0	1.48491E-3	9.28069E+0	6.84739E-1	5.66097E-1	1.53731E+2
7.79987E+0	1.70967E-3	1.06854E+1	6.54007E-1	5.47226E-1	1.73505E+2
7.99989E+0	1.95279E-3	1.22049E+1	6.32462E-1	5.39397E-1	1.96564E+2
8.19983E+0	2.21516E-3	1.38447E+1	6.04707E-1	5.29851E-1	2.18517E+2
8.39986E+0	2.50570E-3	1.56606E+1	5.81692E-1	5.23941E-1	2.43570E+2
8.59985E+0	2.82102E-3	1.76314E+1	5.56899E-1	5.08050E-1	2.68784E+2
8.79985E+0	3.16116E-3	1.97573E+1	5.36224E-1	5.08045E-1	2.96755E+2
8.99988E+0	3.53428E-3	2.20892E+1	5.10632E-1	4.82308E-1	3.23129E+2
9.19981E+0	3.93249E-3	2.45781E+1	4.92382E-1	4.83057E-1	3.54388E+2
9.39981E+0	4.36089E-3	2.72556E+1	4.70610E-1	4.71238E-1	3.83783E+2
9.60010E+0	4.82425E-3	3.01516E+1	4.52267E-1	4.62478E-1	4.16707E+2
9.80009E+0	5.32911E-3	3.33069E+1	4.33204E-1	4.53502E-1	4.50099E+2
1.00001E+1	5.87332E-3	3.67082E+1	4.12793E-1	4.39392E-1	4.82337E+2
1.02001E+1	6.45165E-3	4.03228E+1	3.94100E-1	4.29211E-1	5.15955E+2
1.04002E+1	7.06896E-3	4.41810E+1	3.78262E-1	4.20374E-1	5.53249E+2
1.06001E+1	7.72704E-3	4.82940E+1	3.60502E-1	4.07213E-1	5.87436E+2
1.08000E+1	8.42738E-3	5.26711E+1	3.46004E-1	4.03413E-1	6.26510E+2
1.10002E+1	9.17404E-3	5.73377E+1	3.30139E-1	3.90183E-1	6.62808E+2
1.12001E+1	9.96112E-3	6.22570E+1	3.16449E-1	3.80033E-1	7.02366E+2
1.14001E+1	1.08115E-2	6.75719E+1	3.02046E-1	3.67772E-1	7.40625E+2
1.16001E+1	1.16837E-2	7.30231E+1	2.88226E-1	3.57172E-1	7.77151E+2
1.18001E+1	1.26046E-2	7.87788E+1	2.75713E-1	3.47292E-1	8.15835E+2
1.20001E+1	1.35774E-2	8.48588E+1	2.62978E-1	3.38130E-1	8.52416E+2
