Voltage(V)	Current(A)	J(mA/cm2)	PE(lm/W)	EQE(%)	L(cd/m2)
-9.99962E-1	-3.47949E-5	-2.17468E-1	2.82197E-1	2.31990E-1	1.95336E-1
-7.99978E-1	-2.62760E-5	-1.64225E-1	9.35267E-1	-1.57699E-1	3.91114E-1
-5.99962E-1	-1.52366E-5	-9.52288E-2	3.15942E+0	-1.92551E-1	5.74579E-1
-3.99955E-1	-7.23501E-6	-4.52188E-2	-1.60083E+0	9.37517E-1	-9.21562E-2
-2.00008E-1	-2.02885E-6	-1.26803E-2	-2.73579E+1	1.25873E+0	-2.20857E-1
3.85523E-5	9.30560E-10	5.81600E-6	-1.01269E+9	4.43147E+3	-7.22771E-1
2.00032E-1	1.37883E-6	8.61769E-3	3.46061E+1	-1.85350E+0	1.89886E-1
3.99973E-1	2.75757E-6	1.72348E-2	-1.81706E+1	-3.49812E+0	-3.98709E-1
5.99973E-1	3.21792E-6	2.01120E-2	-1.61750E+1	1.39026E+0	-6.21270E-1
7.99978E-1	3.51351E-6	2.19594E-2	-3.90386E+0	2.58324E+0	-2.18295E-1
9.99979E-1	3.62056E-6	2.26285E-2	-5.97306E+0	-1.77440E+0	-4.30223E-1
1.19998E+0	4.80365E-6	3.00228E-2	-5.13699E+0	-1.53507E+0	-5.89093E-1
1.39999E+0	7.96467E-6	4.97792E-2	-1.50065E+0	7.49433E-1	-3.32891E-1
1.60001E+0	1.15862E-5	7.24137E-2	-7.94314E-1	-3.27186E-1	-2.92945E-1
1.79997E+0	1.25270E-5	7.82937E-2	-1.51565E+0	-1.27089E+0	-6.79895E-1
1.99997E+0	1.82430E-5	1.14019E-1	-5.27540E-1	1.35965E+0	-3.82918E-1
2.19996E+0	2.02678E-5	1.26674E-1	-2.40410E-1	-2.05197E-1	-2.13258E-1
2.39992E+0	2.38970E-5	1.49356E-1	-2.43633E-1	-3.51995E-1	-2.77976E-1
2.59989E+0	2.77728E-5	1.73580E-1	-1.02848E-1	-3.55796E-1	-1.47740E-1
2.79992E+0	3.43298E-5	2.14561E-1	-7.12984E-2	-4.47111E-1	-1.36341E-1
2.99986E+0	4.51277E-5	2.82048E-1	-1.02744E-1	-2.93431E-1	-2.76714E-1
3.19988E+0	5.86845E-5	3.66778E-1	4.12259E-3	4.68721E-2	1.54013E-2
3.39980E+0	7.67690E-5	4.79806E-1	7.40951E-2	4.15869E-2	3.84732E-1
3.59982E+0	1.01596E-4	6.34975E-1	1.00373E-1	1.60937E-1	7.30303E-1
3.79985E+0	1.37563E-4	8.59769E-1	1.79066E-1	1.15734E-1	1.86213E+0
3.99979E+0	1.90405E-4	1.19003E+0	2.31090E-1	5.78451E-2	3.50129E+0
4.19973E+0	2.53547E-4	1.58467E+0	2.05289E-1	7.70243E-2	4.34887E+0
4.39973E+0	3.22537E-4	2.01586E+0	2.09888E-1	1.21153E-1	5.92547E+0
4.59964E+0	4.06025E-4	2.53766E+0	2.21945E-1	7.65538E-2	8.24616E+0
4.79994E+0	5.16250E-4	3.22656E+0	2.02693E-1	1.22894E-1	9.99227E+0
4.99996E+0	6.46349E-4	4.03968E+0	2.08209E-1	1.33486E-1	1.33864E+1
5.19990E+0	8.08617E-4	5.05386E+0	1.96125E-1	1.32125E-1	1.64059E+1
5.39992E+0	1.01893E-3	6.36831E+0	1.90012E-1	1.33725E-1	2.07990E+1
5.59992E+0	1.23060E-3	7.69125E+0	1.85624E-1	1.38662E-1	2.54486E+1
5.79998E+0	1.49445E-3	9.34031E+0	1.73676E-1	1.33039E-1	2.99487E+1
5.99994E+0	1.79672E-3	1.12295E+1	1.67327E-1	1.38138E-1	3.58859E+1
6.19998E+0	2.13463E-3	1.33414E+1	1.65597E-1	1.32020E-1	4.36008E+1
6.40003E+0	2.52741E-3	1.57963E+1	1.55540E-1	1.30332E-1	5.00529E+1
6.59997E+0	2.97428E-3	1.85892E+1	1.49005E-1	1.33590E-1	5.81908E+1
6.79997E+0	3.44578E-3	2.15361E+1	1.43902E-1	1.35368E-1	6.70797E+1
6.99989E+0	3.93800E-3	2.46125E+1	1.40435E-1	1.33446E-1	7.70145E+1
7.19990E+0	4.48698E-3	2.80436E+1	1.35675E-1	1.36513E-1	8.71986E+1
7.39992E+0	5.12601E-3	3.20376E+1	1.29475E-1	1.32805E-1	9.77061E+1
7.59990E+0	5.92670E-3	3.70419E+1	1.22501E-1	1.36196E-1	1.09772E+2
7.79989E+0	6.35761E-3	3.97351E+1	1.23541E-1	1.39991E-1	1.21878E+2
7.99985E+0	7.15173E-3	4.46983E+1	1.17560E-1	1.34941E-1	1.33808E+2
8.19978E+0	7.98341E-3	4.98963E+1	1.12625E-1	1.34170E-1	1.46674E+2
8.39987E+0	8.84158E-3	5.52599E+1	1.08626E-1	1.33602E-1	1.60497E+2
8.59979E+0	9.82968E-3	6.14355E+1	1.04151E-1	1.31225E-1	1.75154E+2
8.79981E+0	1.08417E-2	6.77606E+1	1.00646E-1	1.32734E-1	1.91029E+2
8.99983E+0	1.18182E-2	7.38637E+1	9.69590E-2	1.32569E-1	2.05165E+2
9.19979E+0	1.29880E-2	8.11750E+1	9.24867E-2	1.28422E-1	2.19852E+2
9.39980E+0	1.42501E-2	8.90631E+1	8.88167E-2	1.27692E-1	2.36680E+2
9.60012E+0	1.54495E-2	9.65594E+1	8.60246E-2	1.26330E-1	2.53831E+2
9.80011E+0	1.68336E-2	1.05210E+2	8.23630E-2	1.23679E-1	2.70315E+2
1.00001E+1	1.82948E-2	1.14342E+2	7.89752E-2	1.21977E-1	2.87444E+2
1.02001E+1	1.98381E-2	1.23988E+2	7.60240E-2	1.20436E-1	3.06045E+2
