Voltage(V)	Current(A)	J(mA/cm2)	PE(lm/W)	EQE(%)	L(cd/m2)
-9.99972E-1	-1.01308E-6	-6.33175E-3	3.99420E+1	-1.75553E+1	8.04992E-1
-7.99992E-1	-5.99710E-7	-3.74819E-3	3.36347E+1	-4.07031E+0	3.21030E-1
-5.99966E-1	-3.28010E-7	-2.05006E-3	-7.86498E+1	6.87295E+0	-3.07922E-1
-3.99957E-1	-1.57021E-7	-9.81381E-4	1.15954E+2	-2.07042E+1	1.44873E-1
-2.00009E-1	-5.62378E-8	-3.51486E-4	1.06269E+3	3.29676E+2	2.37801E-1
3.87192E-5	1.15458E-8	7.21613E-5	-1.35615E+7	-5.16893E+2	-1.20611E-1
2.00025E-1	6.69822E-8	4.18639E-4	2.14285E+2	2.66185E+2	5.71172E-2
3.99963E-1	1.51606E-7	9.47537E-4	-6.98766E+1	-6.16754E+1	-8.42943E-2
5.99956E-1	3.07461E-7	1.92163E-3	6.93381E+1	5.43150E+1	2.54455E-1
7.99969E-1	5.51270E-7	3.44544E-3	-1.76938E+1	1.54347E-1	-1.55235E-1
9.99973E-1	9.28928E-7	5.80580E-3	2.63877E+1	-1.96042E+1	4.87643E-1
1.19998E+0	1.49022E-6	9.31387E-3	1.06105E+1	6.71542E+0	3.77478E-1
1.39999E+0	2.28691E-6	1.42932E-2	-5.79611E-1	5.30818E+0	-3.69182E-2
1.59999E+0	3.41198E-6	2.13249E-2	1.32213E+0	-7.27690E+0	1.43592E-1
1.79997E+0	5.00891E-6	3.13057E-2	2.17490E+0	3.06598E+0	3.90101E-1
1.99996E+0	7.20620E-6	4.50387E-2	-7.32993E-1	5.45950E-1	-2.10164E-1
2.19967E+0	1.02706E-5	6.41912E-2	5.52854E-2	1.21141E+0	2.48481E-2
2.39980E+0	1.46051E-5	9.12819E-2	-4.67781E-1	-1.64596E-1	-3.26176E-1
2.59979E+0	2.04760E-5	1.27975E-1	1.32846E-1	-1.57662E-1	1.40689E-1
2.79974E+0	2.97648E-5	1.86030E-1	7.05241E-1	9.37200E-2	1.16920E+0
2.99967E+0	4.34606E-5	2.71629E-1	6.53630E-1	6.66087E-1	1.69524E+0
3.19973E+0	6.33035E-5	3.95647E-1	7.03100E-1	1.03472E-1	2.83327E+0
3.39968E+0	9.08378E-5	5.67736E-1	8.45251E-1	1.88369E-1	5.19303E+0
3.59974E+0	1.60585E-4	1.00366E+0	6.74653E-1	3.13121E-1	7.75866E+0
3.79973E+0	2.30457E-4	1.44036E+0	7.06401E-1	2.16730E-1	1.23062E+1
3.99968E+0	2.91617E-4	1.82261E+0	7.92135E-1	4.23105E-1	1.83809E+1
4.19967E+0	3.60867E-4	2.25542E+0	8.00599E-1	4.11430E-1	2.41383E+1
4.39962E+0	4.62502E-4	2.89064E+0	7.92762E-1	4.06345E-1	3.20924E+1
4.59960E+0	5.72922E-4	3.58076E+0	7.35480E-1	4.25660E-1	3.85582E+1
4.79993E+0	6.59408E-4	4.12130E+0	7.09026E-1	3.97501E-1	4.46459E+1
4.99984E+0	7.92376E-4	4.95235E+0	7.28975E-1	4.39948E-1	5.74553E+1
5.19994E+0	9.84464E-4	6.15290E+0	7.12266E-1	4.03205E-1	7.25388E+1
5.39989E+0	1.24294E-3	7.76838E+0	6.75109E-1	4.17080E-1	9.01444E+1
5.59988E+0	1.41740E-3	8.85875E+0	6.57920E-1	4.21674E-1	1.03890E+2
5.79994E+0	1.61629E-3	1.01018E+1	6.43655E-1	4.25840E-1	1.20040E+2
5.99996E+0	1.85445E-3	1.15903E+1	6.08541E-1	4.21957E-1	1.34705E+2
6.19993E+0	2.10516E-3	1.31573E+1	5.87210E-1	4.16060E-1	1.52474E+2
6.39994E+0	2.36673E-3	1.47921E+1	5.64463E-1	4.26499E-1	1.70095E+2
6.59986E+0	2.66078E-3	1.66299E+1	5.54730E-1	4.23486E-1	1.93801E+2
6.79984E+0	2.98018E-3	1.86261E+1	5.34378E-1	4.22393E-1	2.15437E+2
6.99986E+0	3.33365E-3	2.08353E+1	5.15732E-1	4.22092E-1	2.39422E+2
7.19983E+0	3.71713E-3	2.32321E+1	4.92071E-1	4.21965E-1	2.61992E+2
7.39983E+0	4.11000E-3	2.56875E+1	4.76939E-1	4.13741E-1	2.88573E+2
7.59984E+0	4.55221E-3	2.84513E+1	4.53983E-1	4.06825E-1	3.12461E+2
7.79983E+0	4.97119E-3	3.10699E+1	4.26441E-1	3.92914E-1	3.28953E+2
7.99983E+0	4.98520E-3	3.11575E+1	4.41657E-1	4.13726E-1	3.50412E+2
8.19977E+0	5.79759E-3	3.62349E+1	4.15606E-1	4.00317E-1	3.93062E+2
8.39982E+0	6.74594E-3	4.21621E+1	3.89135E-1	3.81866E-1	4.38675E+2
8.59975E+0	7.31062E-3	4.56914E+1	3.82221E-1	3.83082E-1	4.78063E+2
8.79978E+0	7.93138E-3	4.95711E+1	3.64794E-1	3.74545E-1	5.06521E+2
8.99980E+0	8.58750E-3	5.36719E+1	3.58627E-1	3.79119E-1	5.51407E+2
9.19975E+0	9.38008E-3	5.86255E+1	3.45652E-1	3.73724E-1	5.93405E+2
9.39981E+0	1.03896E-2	6.49350E+1	3.37235E-1	3.71537E-1	6.55211E+2
9.60010E+0	1.14589E-2	7.16181E+1	3.24079E-1	3.64331E-1	7.09250E+2
9.79990E+0	1.24116E-2	7.75725E+1	3.16908E-1	3.62234E-1	7.66855E+2
9.99995E+0	1.34723E-2	8.42019E+1	3.06390E-1	3.56589E-1	8.21192E+2
1.02000E+1	1.45975E-2	9.12344E+1	2.97434E-1	3.55607E-1	8.81047E+2
1.04000E+1	1.55881E-2	9.74256E+1	2.88457E-1	3.51920E-1	9.30330E+2
1.06000E+1	1.65003E-2	1.03127E+2	2.86651E-1	3.55864E-1	9.97426E+2
1.07999E+1	1.94544E-2	1.21590E+2	2.70028E-1	3.40736E-1	1.12870E+3
1.09284E+1	2.00008E-2	1.25005E+2	2.67915E-1	3.43216E-1	1.16501E+3
