0.000E+0	0.000E+0	-2.634E-1
0.000E+0	0.000E+0	6.109E-2
0.000E+0	0.000E+0	3.043E-2
0.000E+0	0.000E+0	-9.535E-2
0.000E+0	0.000E+0	1.732E-3
0.000E+0	0.000E+0	2.092E-2
0.000E+0	0.000E+0	-2.891E-2
0.000E+0	0.000E+0	7.706E-3
0.000E+0	0.000E+0	-4.250E-2
0.000E+0	0.000E+0	3.171E-2
0.000E+0	0.000E+0	-3.436E-2
0.000E+0	0.000E+0	2.953E-2
0.000E+0	0.000E+0	1.627E-3
0.000E+0	0.000E+0	-8.053E-4
0.000E+0	0.000E+0	-4.754E-2
0.000E+0	0.000E+0	-1.734E-2
0.000E+0	0.000E+0	-3.339E-2
0.000E+0	0.000E+0	9.855E-3
0.000E+0	0.000E+0	3.391E-3
0.000E+0	0.000E+0	4.762E-3
0.000E+0	0.000E+0	7.664E-4
0.000E+0	0.000E+0	-5.461E-3
0.000E+0	0.000E+0	2.137E-2
0.000E+0	0.000E+0	6.256E-2
0.000E+0	0.000E+0	1.283E-2
0.000E+0	0.000E+0	-1.450E-3
0.000E+0	0.000E+0	-2.964E-2
0.000E+0	0.000E+0	-1.317E-2
0.000E+0	0.000E+0	-7.794E-3
0.000E+0	0.000E+0	1.915E-2
0.000E+0	0.000E+0	8.978E-3
0.000E+0	0.000E+0	6.058E-2
0.000E+0	0.000E+0	2.644E-2
0.000E+0	0.000E+0	-1.232E-2
0.000E+0	0.000E+0	-9.595E-3
0.000E+0	0.000E+0	5.934E-3
0.000E+0	0.000E+0	1.254E-2
0.000E+0	0.000E+0	-2.959E-2
0.000E+0	0.000E+0	-3.598E-2
0.000E+0	0.000E+0	2.164E-3
0.000E+0	0.000E+0	2.406E-3
0.000E+0	0.000E+0	-2.531E-2
0.000E+0	0.000E+0	-4.641E-3
0.000E+0	0.000E+0	1.876E-3
0.000E+0	0.000E+0	2.516E-3
0.000E+0	0.000E+0	2.395E-2
0.000E+0	0.000E+0	4.125E-3
0.000E+0	0.000E+0	1.058E-2
0.000E+0	0.000E+0	1.249E-2
0.000E+0	0.000E+0	-1.061E-2
0.000E+0	0.000E+0	-2.842E-2
0.000E+0	0.000E+0	-2.407E-2
0.000E+0	0.000E+0	-1.612E-2
0.000E+0	0.000E+0	-1.346E-2
0.000E+0	0.000E+0	-1.033E-2
0.000E+0	0.000E+0	7.840E-3
0.000E+0	0.000E+0	-2.508E-2
0.000E+0	0.000E+0	1.541E-2
0.000E+0	0.000E+0	2.397E-2
0.000E+0	0.000E+0	6.136E-3
0.000E+0	0.000E+0	-3.038E-3
0.000E+0	0.000E+0	-3.373E-3
0.000E+0	0.000E+0	1.429E-2
0.000E+0	0.000E+0	1.842E-2
0.000E+0	0.000E+0	-2.169E-2
0.000E+0	0.000E+0	-4.013E-2
0.000E+0	0.000E+0	-4.226E-2
0.000E+0	0.000E+0	-1.608E-2
0.000E+0	0.000E+0	-3.782E-3
0.000E+0	0.000E+0	-2.694E-3
0.000E+0	0.000E+0	-1.860E-2
0.000E+0	0.000E+0	-1.535E-3
0.000E+0	0.000E+0	-1.193E-2
0.000E+0	0.000E+0	1.277E-2
0.000E+0	0.000E+0	-3.886E-3
0.000E+0	0.000E+0	-8.792E-3
0.000E+0	0.000E+0	-5.483E-3
0.000E+0	0.000E+0	-2.617E-3
0.000E+0	0.000E+0	1.685E-2
0.000E+0	0.000E+0	2.130E-2
0.000E+0	0.000E+0	-4.118E-3
0.000E+0	0.000E+0	-1.180E-2
0.000E+0	0.000E+0	2.344E-2
0.000E+0	0.000E+0	-2.707E-3
0.000E+0	0.000E+0	-2.600E-3
0.000E+0	0.000E+0	-1.294E-2
0.000E+0	0.000E+0	7.222E-3
0.000E+0	0.000E+0	2.621E-3
0.000E+0	0.000E+0	2.157E-2
0.000E+0	0.000E+0	-8.012E-4
0.000E+0	0.000E+0	-1.692E-2
0.000E+0	0.000E+0	-4.952E-3
0.000E+0	0.000E+0	3.241E-2
0.000E+0	0.000E+0	-1.374E-3
0.000E+0	0.000E+0	1.013E-2
0.000E+0	0.000E+0	-1.920E-2
0.000E+0	0.000E+0	1.087E-3
0.000E+0	0.000E+0	2.261E-3
0.000E+0	0.000E+0	-3.430E-2
0.000E+0	0.000E+0	-1.322E-3
0.000E+0	0.000E+0	-1.084E-2
0.000E+0	0.000E+0	-3.265E-3
0.000E+0	0.000E+0	1.709E-3
0.000E+0	0.000E+0	2.042E-2
0.000E+0	0.000E+0	5.868E-3
0.000E+0	0.000E+0	1.669E-2
0.000E+0	0.000E+0	1.622E-2
0.000E+0	0.000E+0	-7.020E-3
0.000E+0	0.000E+0	-2.056E-2
0.000E+0	0.000E+0	1.140E-2
0.000E+0	0.000E+0	1.128E-2
0.000E+0	0.000E+0	-1.789E-2
0.000E+0	0.000E+0	-1.760E-2
0.000E+0	0.000E+0	-3.366E-3
0.000E+0	0.000E+0	6.810E-3
0.000E+0	0.000E+0	-1.795E-2
0.000E+0	0.000E+0	-9.589E-3
0.000E+0	0.000E+0	9.329E-3
0.000E+0	0.000E+0	-4.293E-3
0.000E+0	0.000E+0	1.230E-2
0.000E+0	0.000E+0	-1.042E-2
0.000E+0	0.000E+0	1.320E-2
0.000E+0	0.000E+0	1.202E-2
0.000E+0	0.000E+0	-2.373E-3
0.000E+0	0.000E+0	6.631E-3
0.000E+0	0.000E+0	6.874E-4
0.000E+0	0.000E+0	3.436E-2
0.000E+0	0.000E+0	4.271E-3
0.000E+0	0.000E+0	-1.410E-3
0.000E+0	0.000E+0	1.857E-2
0.000E+0	0.000E+0	-1.209E-2
0.000E+0	0.000E+0	2.555E-3
0.000E+0	0.000E+0	-2.350E-3
0.000E+0	0.000E+0	-8.405E-4
0.000E+0	0.000E+0	-3.268E-3
0.000E+0	0.000E+0	1.973E-3
0.000E+0	0.000E+0	4.104E-3
0.000E+0	0.000E+0	1.078E-2
0.000E+0	0.000E+0	9.491E-3
0.000E+0	0.000E+0	-1.592E-2
0.000E+0	0.000E+0	2.485E-4
0.000E+0	0.000E+0	7.129E-3
0.000E+0	0.000E+0	-4.726E-3
0.000E+0	0.000E+0	1.548E-2
0.000E+0	0.000E+0	-1.731E-2
0.000E+0	0.000E+0	-1.932E-3
0.000E+0	0.000E+0	1.064E-2
0.000E+0	0.000E+0	-2.434E-2
0.000E+0	0.000E+0	-8.169E-3
0.000E+0	0.000E+0	1.381E-2
0.000E+0	0.000E+0	4.454E-3
0.000E+0	0.000E+0	5.455E-3
0.000E+0	0.000E+0	7.754E-3
0.000E+0	0.000E+0	-7.223E-3
0.000E+0	0.000E+0	-1.433E-2
0.000E+0	0.000E+0	5.296E-3
0.000E+0	0.000E+0	-8.157E-3
0.000E+0	0.000E+0	-5.801E-3
0.000E+0	0.000E+0	-8.095E-3
0.000E+0	0.000E+0	-6.956E-3
0.000E+0	0.000E+0	-7.656E-3
0.000E+0	0.000E+0	1.083E-2
0.000E+0	0.000E+0	-1.124E-2
0.000E+0	0.000E+0	-1.381E-2
0.000E+0	0.000E+0	1.249E-2
0.000E+0	0.000E+0	1.354E-2
0.000E+0	0.000E+0	-4.867E-3
0.000E+0	0.000E+0	-2.035E-4
0.000E+0	0.000E+0	-7.067E-4
0.000E+0	0.000E+0	-2.003E-4
0.000E+0	0.000E+0	-1.588E-3
0.000E+0	0.000E+0	-3.303E-3
0.000E+0	0.000E+0	-7.347E-3
0.000E+0	0.000E+0	2.096E-3
0.000E+0	0.000E+0	-4.311E-3
0.000E+0	0.000E+0	1.003E-2
0.000E+0	0.000E+0	2.961E-3
0.000E+0	0.000E+0	-1.967E-2
0.000E+0	0.000E+0	-1.796E-2
0.000E+0	0.000E+0	4.171E-3
0.000E+0	0.000E+0	-3.679E-3
0.000E+0	0.000E+0	-1.634E-2
0.000E+0	0.000E+0	-2.811E-3
0.000E+0	0.000E+0	-1.187E-2
0.000E+0	0.000E+0	-3.544E-3
0.000E+0	0.000E+0	-1.352E-3
0.000E+0	0.000E+0	-7.381E-3
0.000E+0	0.000E+0	-6.001E-3
0.000E+0	0.000E+0	-2.424E-3
0.000E+0	0.000E+0	-6.288E-3
0.000E+0	0.000E+0	-3.523E-3
0.000E+0	0.000E+0	1.404E-2
0.000E+0	0.000E+0	6.347E-3
0.000E+0	0.000E+0	8.528E-5
0.000E+0	0.000E+0	-3.812E-3
0.000E+0	0.000E+0	-3.924E-3
0.000E+0	0.000E+0	-1.342E-3
0.000E+0	0.000E+0	-4.595E-3
0.000E+0	0.000E+0	-1.450E-3
0.000E+0	0.000E+0	7.171E-3
0.000E+0	0.000E+0	-8.773E-3
0.000E+0	0.000E+0	-1.211E-2
0.000E+0	0.000E+0	-4.043E-4
0.000E+0	0.000E+0	5.665E-3
0.000E+0	0.000E+0	-3.598E-3
0.000E+0	0.000E+0	-5.610E-3
0.000E+0	0.000E+0	3.124E-3
0.000E+0	0.000E+0	1.204E-2
0.000E+0	0.000E+0	-8.873E-3
0.000E+0	0.000E+0	-5.459E-4
0.000E+0	0.000E+0	6.747E-3
0.000E+0	0.000E+0	6.399E-3
0.000E+0	0.000E+0	-2.994E-3
0.000E+0	0.000E+0	-4.582E-3
0.000E+0	0.000E+0	1.021E-2
0.000E+0	0.000E+0	-2.528E-3
0.000E+0	0.000E+0	2.253E-3
0.000E+0	0.000E+0	7.859E-3
0.000E+0	0.000E+0	5.556E-3
0.000E+0	0.000E+0	9.318E-3
0.000E+0	0.000E+0	4.868E-3
0.000E+0	0.000E+0	6.563E-3
0.000E+0	0.000E+0	-3.375E-3
0.000E+0	0.000E+0	3.571E-3
0.000E+0	0.000E+0	-1.794E-3
0.000E+0	0.000E+0	-7.676E-3
0.000E+0	0.000E+0	-3.554E-4
0.000E+0	0.000E+0	-1.732E-3
0.000E+0	0.000E+0	-6.198E-3
0.000E+0	0.000E+0	-6.628E-3
0.000E+0	0.000E+0	2.059E-3
0.000E+0	0.000E+0	-8.888E-3
0.000E+0	0.000E+0	5.079E-3
0.000E+0	0.000E+0	9.163E-3
0.000E+0	0.000E+0	-5.485E-3
0.000E+0	0.000E+0	-9.561E-4
0.000E+0	0.000E+0	-4.994E-3
0.000E+0	0.000E+0	-3.984E-3
0.000E+0	0.000E+0	2.248E-3
0.000E+0	0.000E+0	4.672E-4
0.000E+0	0.000E+0	4.317E-3
0.000E+0	0.000E+0	2.249E-3
0.000E+0	0.000E+0	-5.004E-3
0.000E+0	0.000E+0	1.029E-2
0.000E+0	0.000E+0	0.000E+0
0.000E+0	0.000E+0	5.387E-3
0.000E+0	0.000E+0	-1.487E-3
0.000E+0	0.000E+0	-9.632E-4
0.000E+0	0.000E+0	2.237E-3
0.000E+0	0.000E+0	2.861E-4
0.000E+0	0.000E+0	9.180E-4
0.000E+0	0.000E+0	-4.779E-3
0.000E+0	0.000E+0	5.508E-3
0.000E+0	0.000E+0	-2.772E-3
0.000E+0	0.000E+0	1.392E-3
0.000E+0	0.000E+0	-6.161E-4
0.000E+0	0.000E+0	8.544E-3
0.000E+0	0.000E+0	-2.680E-3
0.000E+0	0.000E+0	-6.362E-4
0.000E+0	0.000E+0	-8.527E-3
0.000E+0	0.000E+0	-3.836E-3
0.000E+0	0.000E+0	2.980E-5
0.000E+0	0.000E+0	5.124E-3
0.000E+0	0.000E+0	-9.537E-3
0.000E+0	0.000E+0	5.769E-3
0.000E+0	0.000E+0	-6.563E-3
0.000E+0	0.000E+0	-2.900E-3
0.000E+0	0.000E+0	4.702E-3
0.000E+0	0.000E+0	-4.478E-3
0.000E+0	0.000E+0	-8.588E-5
0.000E+0	0.000E+0	-4.219E-3
0.000E+0	0.000E+0	-9.552E-3
0.000E+0	0.000E+0	-1.147E-2
0.000E+0	0.000E+0	-4.271E-3
0.000E+0	0.000E+0	-3.803E-3
0.000E+0	0.000E+0	-1.668E-4
0.000E+0	0.000E+0	-1.112E-2
0.000E+0	0.000E+0	3.853E-4
0.000E+0	0.000E+0	-3.643E-3
0.000E+0	0.000E+0	-2.315E-3
0.000E+0	0.000E+0	-2.462E-3
0.000E+0	0.000E+0	2.316E-3
0.000E+0	0.000E+0	1.531E-3
0.000E+0	0.000E+0	1.871E-4
0.000E+0	0.000E+0	6.609E-3
0.000E+0	0.000E+0	3.427E-3
0.000E+0	0.000E+0	-2.884E-3
0.000E+0	0.000E+0	-9.486E-3
0.000E+0	0.000E+0	-3.361E-3
0.000E+0	0.000E+0	-1.152E-3
0.000E+0	0.000E+0	-5.581E-3
0.000E+0	0.000E+0	-8.067E-4
0.000E+0	0.000E+0	4.639E-3
0.000E+0	0.000E+0	3.614E-3
0.000E+0	0.000E+0	2.754E-3
0.000E+0	0.000E+0	-2.513E-3
0.000E+0	0.000E+0	2.348E-3
0.000E+0	0.000E+0	8.141E-4
0.000E+0	0.000E+0	-2.861E-3
0.000E+0	0.000E+0	1.968E-3
0.000E+0	0.000E+0	1.455E-3
0.000E+0	0.000E+0	7.107E-3
0.000E+0	0.000E+0	1.991E-3
0.000E+0	0.000E+0	-3.128E-3
0.000E+0	0.000E+0	-2.592E-3
0.000E+0	0.000E+0	-8.610E-4
0.000E+0	0.000E+0	-5.360E-3
0.000E+0	0.000E+0	-7.706E-3
0.000E+0	0.000E+0	-5.582E-3
0.000E+0	0.000E+0	5.083E-4
0.000E+0	0.000E+0	3.975E-3
0.000E+0	0.000E+0	-6.585E-3
0.000E+0	0.000E+0	5.983E-4
0.000E+0	0.000E+0	-1.433E-4
0.000E+0	0.000E+0	4.188E-3
0.000E+0	0.000E+0	3.872E-3
0.000E+0	0.000E+0	1.964E-3
0.000E+0	0.000E+0	-1.418E-4
0.000E+0	0.000E+0	1.933E-3
0.000E+0	0.000E+0	-1.342E-3
0.000E+0	0.000E+0	-4.936E-3
0.000E+0	0.000E+0	-4.828E-3
0.000E+0	0.000E+0	-8.505E-3
0.000E+0	0.000E+0	1.397E-3
0.000E+0	0.000E+0	-8.392E-3
0.000E+0	0.000E+0	-2.287E-3
0.000E+0	0.000E+0	-6.166E-3
0.000E+0	0.000E+0	3.898E-3
0.000E+0	0.000E+0	8.450E-4
0.000E+0	0.000E+0	-2.320E-3
0.000E+0	0.000E+0	-2.514E-3
0.000E+0	0.000E+0	-2.187E-3
0.000E+0	0.000E+0	7.950E-3
0.000E+0	0.000E+0	-5.824E-4
0.000E+0	0.000E+0	-3.599E-3
0.000E+0	0.000E+0	-2.361E-3
0.000E+0	0.000E+0	2.576E-3
0.000E+0	0.000E+0	-7.997E-3
0.000E+0	0.000E+0	-4.284E-3
0.000E+0	0.000E+0	6.644E-3
0.000E+0	0.000E+0	1.687E-3
0.000E+0	0.000E+0	-1.464E-3
0.000E+0	0.000E+0	-2.288E-3
0.000E+0	0.000E+0	-1.849E-3
0.000E+0	0.000E+0	-2.601E-3
0.000E+0	0.000E+0	8.640E-5
0.000E+0	0.000E+0	2.930E-3
0.000E+0	0.000E+0	-3.051E-3
0.000E+0	0.000E+0	-3.000E-3
0.000E+0	0.000E+0	7.474E-4
0.000E+0	0.000E+0	5.497E-3
0.000E+0	0.000E+0	-3.400E-3
0.000E+0	0.000E+0	-3.965E-3
0.000E+0	0.000E+0	-2.664E-3
0.000E+0	0.000E+0	-5.899E-4
0.000E+0	0.000E+0	2.100E-4
0.000E+0	0.000E+0	7.036E-3
0.000E+0	0.000E+0	-6.266E-5
0.000E+0	0.000E+0	-1.355E-3
0.000E+0	0.000E+0	-1.329E-3
0.000E+0	0.000E+0	4.083E-3
0.000E+0	0.000E+0	2.747E-3
0.000E+0	0.000E+0	-6.756E-3
0.000E+0	0.000E+0	7.338E-3
0.000E+0	0.000E+0	1.042E-3
0.000E+0	0.000E+0	-3.564E-3
0.000E+0	0.000E+0	6.185E-3
0.000E+0	0.000E+0	7.070E-4
0.000E+0	0.000E+0	3.741E-3
0.000E+0	0.000E+0	-5.667E-3
0.000E+0	0.000E+0	-6.381E-4
0.000E+0	0.000E+0	2.401E-3
0.000E+0	0.000E+0	2.571E-3
0.000E+0	0.000E+0	4.339E-4
0.000E+0	0.000E+0	3.525E-3
0.000E+0	0.000E+0	1.334E-3
0.000E+0	0.000E+0	-2.348E-4
0.000E+0	0.000E+0	-5.663E-3
0.000E+0	0.000E+0	-1.811E-3
0.000E+0	0.000E+0	-1.944E-3
0.000E+0	0.000E+0	5.622E-4
0.000E+0	0.000E+0	-9.286E-4
0.000E+0	0.000E+0	-1.564E-3
0.000E+0	0.000E+0	-2.676E-3
0.000E+0	0.000E+0	3.263E-3
0.000E+0	0.000E+0	2.927E-3
0.000E+0	0.000E+0	1.221E-3
0.000E+0	0.000E+0	1.160E-3
0.000E+0	0.000E+0	-7.070E-3
0.000E+0	0.000E+0	2.174E-3
0.000E+0	0.000E+0	-2.431E-3
0.000E+0	0.000E+0	-4.323E-4
0.000E+0	0.000E+0	-8.821E-4
0.000E+0	0.000E+0	3.352E-3
0.000E+0	0.000E+0	-6.912E-3
0.000E+0	0.000E+0	-5.070E-3
0.000E+0	0.000E+0	-3.013E-3
0.000E+0	0.000E+0	3.395E-3
0.000E+0	0.000E+0	7.401E-5
0.000E+0	0.000E+0	-3.506E-4
0.000E+0	0.000E+0	4.966E-4
0.000E+0	0.000E+0	3.119E-3
0.000E+0	0.000E+0	-1.739E-3
0.000E+0	0.000E+0	-3.211E-3
0.000E+0	0.000E+0	1.727E-3
0.000E+0	0.000E+0	-4.645E-3
0.000E+0	0.000E+0	-2.045E-3
0.000E+0	0.000E+0	2.004E-3
0.000E+0	0.000E+0	2.088E-3
0.000E+0	0.000E+0	3.340E-3
0.000E+0	0.000E+0	1.919E-3
0.000E+0	0.000E+0	3.565E-3
0.000E+0	0.000E+0	-1.663E-3
0.000E+0	0.000E+0	1.552E-3
0.000E+0	0.000E+0	5.037E-3
0.000E+0	0.000E+0	2.805E-3
0.000E+0	0.000E+0	-1.930E-3
0.000E+0	0.000E+0	1.819E-3
0.000E+0	0.000E+0	-2.291E-3
0.000E+0	0.000E+0	5.101E-4
0.000E+0	0.000E+0	-2.705E-3
0.000E+0	0.000E+0	2.472E-3
0.000E+0	0.000E+0	-7.875E-4
0.000E+0	0.000E+0	-1.765E-3
0.000E+0	0.000E+0	1.431E-3
0.000E+0	0.000E+0	-2.635E-3
0.000E+0	0.000E+0	-1.570E-3
0.000E+0	0.000E+0	5.234E-5
0.000E+0	0.000E+0	8.021E-4
0.000E+0	0.000E+0	-5.227E-5
0.000E+0	0.000E+0	-4.770E-3
0.000E+0	0.000E+0	-3.861E-3
0.000E+0	0.000E+0	-5.385E-4
0.000E+0	0.000E+0	3.560E-3
0.000E+0	0.000E+0	2.846E-3
0.000E+0	0.000E+0	-1.230E-3
0.000E+0	0.000E+0	1.194E-3
0.000E+0	0.000E+0	1.729E-5
0.000E+0	0.000E+0	-4.591E-3
0.000E+0	0.000E+0	2.380E-3
0.000E+0	0.000E+0	-6.204E-4
0.000E+0	0.000E+0	1.257E-3
0.000E+0	0.000E+0	-1.548E-3
0.000E+0	0.000E+0	8.928E-4
0.000E+0	0.000E+0	5.396E-3
0.000E+0	0.000E+0	7.255E-3
0.000E+0	0.000E+0	1.744E-3
0.000E+0	0.000E+0	1.383E-3
0.000E+0	0.000E+0	-4.129E-3
0.000E+0	0.000E+0	-2.299E-3
0.000E+0	0.000E+0	1.429E-3
0.000E+0	0.000E+0	-5.229E-3
0.000E+0	0.000E+0	-6.644E-3
0.000E+0	0.000E+0	-5.416E-4
0.000E+0	0.000E+0	-2.115E-3
0.000E+0	0.000E+0	3.211E-4
0.000E+0	0.000E+0	2.852E-3
0.000E+0	0.000E+0	-1.010E-4
0.000E+0	0.000E+0	4.300E-3
0.000E+0	0.000E+0	8.217E-4
0.000E+0	0.000E+0	-1.105E-3
0.000E+0	0.000E+0	1.405E-3
0.000E+0	0.000E+0	-4.726E-3
0.000E+0	0.000E+0	-2.167E-4
0.000E+0	0.000E+0	-3.446E-3
0.000E+0	0.000E+0	-4.418E-3
0.000E+0	0.000E+0	-2.555E-3
0.000E+0	0.000E+0	1.176E-3
0.000E+0	0.000E+0	2.151E-3
0.000E+0	0.000E+0	3.814E-3
0.000E+0	0.000E+0	-4.617E-3
0.000E+0	0.000E+0	4.044E-3
0.000E+0	0.000E+0	1.723E-3
0.000E+0	0.000E+0	0.000E+0
0.000E+0	0.000E+0	3.631E-3
0.000E+0	0.000E+0	-3.136E-3
0.000E+0	0.000E+0	2.362E-3
0.000E+0	0.000E+0	2.064E-3
0.000E+0	0.000E+0	-4.909E-3
0.000E+0	0.000E+0	-1.244E-3
0.000E+0	0.000E+0	-3.147E-3
0.000E+0	0.000E+0	-1.659E-3
0.000E+0	0.000E+0	1.979E-3
0.000E+0	0.000E+0	9.949E-4
0.000E+0	0.000E+0	-1.920E-4
0.000E+0	0.000E+0	1.996E-3
0.000E+0	0.000E+0	-3.629E-3
0.000E+0	0.000E+0	-2.253E-3
0.000E+0	0.000E+0	3.164E-3
0.000E+0	0.000E+0	-5.521E-4
0.000E+0	0.000E+0	-9.126E-4
0.000E+0	0.000E+0	1.365E-3
0.000E+0	0.000E+0	-2.859E-3
0.000E+0	0.000E+0	3.270E-4
0.000E+0	0.000E+0	2.964E-3
0.000E+0	0.000E+0	7.577E-4
0.000E+0	0.000E+0	-1.678E-3
0.000E+0	0.000E+0	3.070E-4
0.000E+0	0.000E+0	4.595E-5
0.000E+0	0.000E+0	-2.320E-3
0.000E+0	0.000E+0	-1.097E-3
0.000E+0	0.000E+0	1.214E-4
0.000E+0	0.000E+0	-4.034E-3
0.000E+0	0.000E+0	2.983E-3
0.000E+0	0.000E+0	-3.603E-4
0.000E+0	0.000E+0	3.337E-3
0.000E+0	0.000E+0	-4.356E-3
0.000E+0	0.000E+0	-5.277E-3
0.000E+0	0.000E+0	1.274E-3
0.000E+0	0.000E+0	-3.792E-3
0.000E+0	0.000E+0	-1.897E-3
0.000E+0	0.000E+0	-8.780E-4
0.000E+0	0.000E+0	-5.089E-3
0.000E+0	0.000E+0	-2.152E-3
0.000E+0	0.000E+0	2.174E-4
0.000E+0	0.000E+0	2.470E-3
0.000E+0	0.000E+0	-5.556E-3
0.000E+0	0.000E+0	-1.419E-3
0.000E+0	0.000E+0	-2.086E-3
0.000E+0	0.000E+0	1.849E-4
0.000E+0	0.000E+0	-4.393E-4
0.000E+0	0.000E+0	1.214E-3
0.000E+0	0.000E+0	-6.709E-3
0.000E+0	0.000E+0	2.071E-3
0.000E+0	0.000E+0	-1.630E-3
0.000E+0	0.000E+0	-1.857E-3
0.000E+0	0.000E+0	-1.130E-3
0.000E+0	0.000E+0	7.407E-4
0.000E+0	0.000E+0	-4.095E-4
0.000E+0	0.000E+0	5.065E-3
0.000E+0	0.000E+0	1.756E-4
0.000E+0	0.000E+0	-2.470E-3
0.000E+0	0.000E+0	-6.544E-4
0.000E+0	0.000E+0	-2.923E-4
0.000E+0	0.000E+0	-6.746E-4
0.000E+0	0.000E+0	-1.987E-3
0.000E+0	0.000E+0	-1.859E-3
0.000E+0	0.000E+0	3.427E-3
0.000E+0	0.000E+0	-6.997E-4
0.000E+0	0.000E+0	-3.608E-3
0.000E+0	0.000E+0	-6.540E-4
0.000E+0	0.000E+0	-8.939E-4
0.000E+0	0.000E+0	2.263E-3
0.000E+0	0.000E+0	-4.300E-4
0.000E+0	0.000E+0	1.069E-3
0.000E+0	0.000E+0	-4.539E-3
0.000E+0	0.000E+0	-2.413E-3
0.000E+0	0.000E+0	9.273E-4
0.000E+0	0.000E+0	1.131E-3
0.000E+0	0.000E+0	1.332E-3
0.000E+0	0.000E+0	2.065E-4
0.000E+0	0.000E+0	-8.450E-4
0.000E+0	0.000E+0	5.444E-3
0.000E+0	0.000E+0	1.800E-3
0.000E+0	0.000E+0	1.610E-3
0.000E+0	0.000E+0	1.306E-3
0.000E+0	0.000E+0	-7.715E-4
0.000E+0	0.000E+0	-2.264E-3
0.000E+0	0.000E+0	-3.000E-3
0.000E+0	0.000E+0	-2.294E-4
0.000E+0	0.000E+0	2.499E-3
0.000E+0	0.000E+0	-7.258E-4
0.000E+0	0.000E+0	1.960E-3
0.000E+0	0.000E+0	1.465E-3
0.000E+0	0.000E+0	3.432E-3
0.000E+0	0.000E+0	-2.891E-3
0.000E+0	0.000E+0	8.663E-4
0.000E+0	0.000E+0	-1.090E-5
0.000E+0	0.000E+0	3.412E-3
0.000E+0	0.000E+0	9.460E-4
0.000E+0	0.000E+0	-1.057E-3
0.000E+0	0.000E+0	9.959E-4
0.000E+0	0.000E+0	1.757E-3
0.000E+0	0.000E+0	1.515E-3
0.000E+0	0.000E+0	-3.082E-3
0.000E+0	0.000E+0	9.583E-4
0.000E+0	0.000E+0	8.798E-4
0.000E+0	0.000E+0	-2.639E-4
0.000E+0	0.000E+0	1.179E-3
0.000E+0	0.000E+0	-1.699E-4
0.000E+0	0.000E+0	-1.975E-3
0.000E+0	0.000E+0	2.394E-3
0.000E+0	0.000E+0	1.652E-3
0.000E+0	0.000E+0	-1.544E-3
0.000E+0	0.000E+0	-2.987E-4
0.000E+0	0.000E+0	-1.933E-3
0.000E+0	0.000E+0	-9.311E-4
0.000E+0	0.000E+0	-9.052E-4
0.000E+0	0.000E+0	-1.938E-3
0.000E+0	0.000E+0	1.989E-3
0.000E+0	0.000E+0	1.302E-3
0.000E+0	0.000E+0	-3.321E-3
0.000E+0	0.000E+0	-6.470E-4
0.000E+0	0.000E+0	-1.448E-4
0.000E+0	0.000E+0	1.033E-3
0.000E+0	0.000E+0	-9.634E-4
0.000E+0	0.000E+0	-6.200E-4
0.000E+0	0.000E+0	-5.278E-5
0.000E+0	0.000E+0	-1.040E-3
0.000E+0	0.000E+0	-6.249E-4
0.000E+0	0.000E+0	-2.888E-3
0.000E+0	0.000E+0	5.568E-4
0.000E+0	0.000E+0	9.355E-5
0.000E+0	0.000E+0	3.438E-3
0.000E+0	0.000E+0	-1.108E-3
0.000E+0	0.000E+0	5.836E-5
0.000E+0	0.000E+0	5.384E-4
0.000E+0	0.000E+0	-1.227E-3
0.000E+0	0.000E+0	-6.381E-4
0.000E+0	0.000E+0	-6.341E-4
0.000E+0	0.000E+0	-1.051E-3
0.000E+0	0.000E+0	-1.077E-3
0.000E+0	0.000E+0	-1.134E-3
0.000E+0	0.000E+0	-7.150E-5
0.000E+0	0.000E+0	1.335E-3
0.000E+0	0.000E+0	-1.350E-3
0.000E+0	0.000E+0	6.246E-5
0.000E+0	0.000E+0	1.033E-3
0.000E+0	0.000E+0	1.499E-3
0.000E+0	0.000E+0	-1.852E-3
0.000E+0	0.000E+0	1.300E-3
0.000E+0	0.000E+0	1.414E-3
0.000E+0	0.000E+0	-2.799E-4
0.000E+0	0.000E+0	-1.205E-4
0.000E+0	0.000E+0	-5.170E-4
0.000E+0	0.000E+0	-1.789E-3
0.000E+0	0.000E+0	1.336E-4
0.000E+0	0.000E+0	-3.400E-4
0.000E+0	0.000E+0	-6.695E-4
0.000E+0	0.000E+0	7.545E-4
0.000E+0	0.000E+0	4.377E-4
0.000E+0	0.000E+0	-2.970E-3
0.000E+0	0.000E+0	-1.389E-3
0.000E+0	0.000E+0	4.753E-4
0.000E+0	0.000E+0	-2.509E-4
0.000E+0	0.000E+0	1.657E-3
0.000E+0	0.000E+0	1.110E-3
0.000E+0	0.000E+0	-2.410E-4
0.000E+0	0.000E+0	-2.245E-3
0.000E+0	0.000E+0	6.965E-4
0.000E+0	0.000E+0	1.402E-5
0.000E+0	0.000E+0	-6.916E-4
0.000E+0	0.000E+0	8.774E-4
0.000E+0	0.000E+0	8.116E-4
0.000E+0	0.000E+0	4.494E-4
0.000E+0	0.000E+0	-3.171E-4
0.000E+0	0.000E+0	3.847E-4
0.000E+0	0.000E+0	-3.492E-4
0.000E+0	0.000E+0	2.375E-3
0.000E+0	0.000E+0	-1.769E-3
0.000E+0	0.000E+0	-2.102E-3
0.000E+0	0.000E+0	-1.082E-4
0.000E+0	0.000E+0	-4.650E-4
0.000E+0	0.000E+0	1.189E-3
0.000E+0	0.000E+0	-8.241E-4
0.000E+0	0.000E+0	-2.338E-4
0.000E+0	0.000E+0	1.332E-5
0.000E+0	0.000E+0	-1.348E-3
0.000E+0	0.000E+0	-2.650E-5
0.000E+0	0.000E+0	-3.105E-4
0.000E+0	0.000E+0	1.107E-3
0.000E+0	0.000E+0	1.354E-3
0.000E+0	0.000E+0	8.585E-4
0.000E+0	0.000E+0	-9.872E-4
0.000E+0	0.000E+0	-9.195E-4
0.000E+0	0.000E+0	-4.295E-4
0.000E+0	0.000E+0	3.570E-4
0.000E+0	0.000E+0	3.949E-4
0.000E+0	0.000E+0	-1.247E-3
0.000E+0	0.000E+0	-8.186E-4
0.000E+0	0.000E+0	-4.097E-3
0.000E+0	0.000E+0	1.072E-3
0.000E+0	0.000E+0	2.179E-4
0.000E+0	0.000E+0	-6.328E-4
0.000E+0	0.000E+0	-7.589E-4
0.000E+0	0.000E+0	-8.271E-4
0.000E+0	0.000E+0	-2.603E-4
0.000E+0	0.000E+0	-6.653E-4
0.000E+0	0.000E+0	7.213E-4
0.000E+0	0.000E+0	-5.179E-4
0.000E+0	0.000E+0	-4.476E-4
0.000E+0	0.000E+0	1.869E-3
0.000E+0	0.000E+0	4.772E-4
0.000E+0	0.000E+0	8.838E-4
0.000E+0	0.000E+0	6.882E-5
0.000E+0	0.000E+0	1.686E-4
0.000E+0	0.000E+0	-4.242E-4
0.000E+0	0.000E+0	-1.246E-5
0.000E+0	0.000E+0	0.000E+0
0.000E+0	0.000E+0	-1.465E-3
0.000E+0	0.000E+0	-1.462E-3
0.000E+0	0.000E+0	-1.299E-4
0.000E+0	0.000E+0	3.458E-4
0.000E+0	0.000E+0	4.195E-4
0.000E+0	0.000E+0	-5.171E-4
0.000E+0	0.000E+0	-1.008E-3
0.000E+0	0.000E+0	-5.589E-4
0.000E+0	0.000E+0	7.357E-5
0.000E+0	0.000E+0	-1.592E-4
0.000E+0	0.000E+0	-9.171E-4
0.000E+0	0.000E+0	-4.699E-4
0.000E+0	0.000E+0	-4.022E-4
0.000E+0	0.000E+0	-9.007E-4
0.000E+0	0.000E+0	-9.118E-5
0.000E+0	0.000E+0	1.566E-3
0.000E+0	0.000E+0	4.850E-4
0.000E+0	0.000E+0	-1.278E-3
0.000E+0	0.000E+0	-5.444E-4
0.000E+0	0.000E+0	1.118E-3
0.000E+0	0.000E+0	2.957E-4
0.000E+0	0.000E+0	-1.572E-3
0.000E+0	0.000E+0	-1.674E-3
0.000E+0	0.000E+0	1.455E-3
0.000E+0	0.000E+0	-7.508E-4
0.000E+0	0.000E+0	8.999E-5
0.000E+0	0.000E+0	-7.192E-4
0.000E+0	0.000E+0	7.783E-5
0.000E+0	0.000E+0	-2.033E-4
0.000E+0	0.000E+0	3.822E-4
0.000E+0	0.000E+0	3.580E-5
0.000E+0	0.000E+0	1.043E-3
0.000E+0	0.000E+0	1.792E-3
0.000E+0	0.000E+0	1.820E-3
0.000E+0	0.000E+0	-4.279E-4
0.000E+0	0.000E+0	1.662E-4
0.000E+0	0.000E+0	5.043E-4
0.000E+0	0.000E+0	8.892E-4
0.000E+0	0.000E+0	9.120E-4
0.000E+0	0.000E+0	4.497E-4
0.000E+0	0.000E+0	2.011E-4
0.000E+0	0.000E+0	1.140E-3
0.000E+0	0.000E+0	-6.141E-4
0.000E+0	0.000E+0	-5.073E-4
0.000E+0	0.000E+0	-5.716E-4
0.000E+0	0.000E+0	2.532E-4
0.000E+0	0.000E+0	-7.589E-4
0.000E+0	0.000E+0	1.763E-5
0.000E+0	0.000E+0	-9.395E-4
0.000E+0	0.000E+0	-3.989E-4
0.000E+0	0.000E+0	-2.127E-3
0.000E+0	0.000E+0	-1.024E-3
0.000E+0	0.000E+0	2.281E-4
0.000E+0	0.000E+0	8.766E-5
0.000E+0	0.000E+0	-1.285E-4
0.000E+0	0.000E+0	4.669E-4
0.000E+0	0.000E+0	-3.325E-4
0.000E+0	0.000E+0	1.352E-3
0.000E+0	0.000E+0	-1.089E-3
0.000E+0	0.000E+0	1.106E-4
0.000E+0	0.000E+0	8.726E-4
0.000E+0	0.000E+0	5.814E-5
0.000E+0	0.000E+0	-5.811E-6
0.000E+0	0.000E+0	-7.431E-4
0.000E+0	0.000E+0	5.281E-4
0.000E+0	0.000E+0	-1.809E-3
0.000E+0	0.000E+0	1.854E-4
0.000E+0	0.000E+0	-4.803E-4
0.000E+0	0.000E+0	-8.210E-4
0.000E+0	0.000E+0	-5.491E-4
0.000E+0	0.000E+0	-2.482E-4
0.000E+0	0.000E+0	-1.350E-3
0.000E+0	0.000E+0	-1.268E-4
0.000E+0	0.000E+0	-1.498E-3
0.000E+0	0.000E+0	1.324E-4
0.000E+0	0.000E+0	-9.090E-4
0.000E+0	0.000E+0	6.036E-4
0.000E+0	0.000E+0	-2.200E-3
0.000E+0	0.000E+0	-2.297E-5
0.000E+0	0.000E+0	-2.354E-4
0.000E+0	0.000E+0	2.191E-3
0.000E+0	0.000E+0	4.358E-4
0.000E+0	0.000E+0	6.762E-4
0.000E+0	0.000E+0	-1.942E-3
0.000E+0	0.000E+0	5.557E-4
0.000E+0	0.000E+0	7.443E-5
0.000E+0	0.000E+0	2.803E-4
0.000E+0	0.000E+0	1.418E-3
0.000E+0	0.000E+0	4.400E-4
0.000E+0	0.000E+0	-1.999E-3
0.000E+0	0.000E+0	1.313E-4
0.000E+0	0.000E+0	5.879E-4
0.000E+0	0.000E+0	1.227E-3
0.000E+0	0.000E+0	-5.020E-4
0.000E+0	0.000E+0	-1.654E-4
0.000E+0	0.000E+0	-7.979E-4
0.000E+0	0.000E+0	-1.732E-3
0.000E+0	0.000E+0	4.272E-4
0.000E+0	0.000E+0	-7.747E-4
0.000E+0	0.000E+0	-3.759E-4
0.000E+0	0.000E+0	-2.790E-4
0.000E+0	0.000E+0	-9.790E-4
0.000E+0	0.000E+0	-1.138E-5
0.000E+0	0.000E+0	1.069E-3
0.000E+0	0.000E+0	1.131E-3
0.000E+0	0.000E+0	-3.640E-4
0.000E+0	0.000E+0	-7.051E-4
0.000E+0	0.000E+0	2.274E-5
0.000E+0	0.000E+0	-7.332E-4
0.000E+0	0.000E+0	-8.635E-4
0.000E+0	0.000E+0	-1.704E-3
0.000E+0	0.000E+0	-2.839E-5
0.000E+0	0.000E+0	-1.504E-3
0.000E+0	0.000E+0	-8.738E-4
0.000E+0	0.000E+0	0.000E+0
0.000E+0	0.000E+0	1.678E-3
0.000E+0	0.000E+0	-2.068E-3
0.000E+0	0.000E+0	-9.516E-4
0.000E+0	0.000E+0	-1.359E-4
0.000E+0	0.000E+0	-1.545E-3
0.000E+0	0.000E+0	-7.699E-4
0.000E+0	0.000E+0	1.183E-3
0.000E+0	0.000E+0	-2.603E-4
0.000E+0	0.000E+0	9.731E-4
0.000E+0	0.000E+0	-3.169E-4
0.000E+0	0.000E+0	1.698E-4
0.000E+0	0.000E+0	2.830E-5
0.000E+0	0.000E+0	-1.098E-3
0.000E+0	0.000E+0	9.618E-5
0.000E+0	0.000E+0	1.708E-3
0.000E+0	0.000E+0	7.356E-5
0.000E+0	0.000E+0	-1.369E-3
0.000E+0	0.000E+0	1.030E-3
0.000E+0	0.000E+0	-4.300E-4
0.000E+0	0.000E+0	9.333E-4
0.000E+0	0.000E+0	-2.715E-4
0.000E+0	0.000E+0	-1.635E-3
0.000E+0	0.000E+0	-9.667E-4
0.000E+0	0.000E+0	-1.154E-3
0.000E+0	0.000E+0	1.250E-3
0.000E+0	0.000E+0	6.163E-4
0.000E+0	0.000E+0	-1.526E-4
0.000E+0	0.000E+0	-9.609E-4
0.000E+0	0.000E+0	-1.741E-3
0.000E+0	0.000E+0	-4.466E-4
0.000E+0	0.000E+0	-2.261E-4
0.000E+0	0.000E+0	-8.250E-4
0.000E+0	0.000E+0	-1.074E-4
0.000E+0	0.000E+0	-1.300E-4
0.000E+0	0.000E+0	-1.492E-3
0.000E+0	0.000E+0	1.351E-3
0.000E+0	0.000E+0	-1.329E-3
0.000E+0	0.000E+0	1.244E-4
0.000E+0	0.000E+0	-6.389E-4
0.000E+0	0.000E+0	-2.052E-3
0.000E+0	0.000E+0	7.349E-4
0.000E+0	0.000E+0	1.414E-4
0.000E+0	0.000E+0	6.333E-4
0.000E+0	0.000E+0	1.221E-3
0.000E+0	0.000E+0	-7.012E-4
0.000E+0	0.000E+0	-1.267E-3
0.000E+0	0.000E+0	6.221E-5
0.000E+0	0.000E+0	7.296E-4
0.000E+0	0.000E+0	9.556E-4
0.000E+0	0.000E+0	2.330E-3
0.000E+0	0.000E+0	-6.336E-4
0.000E+0	0.000E+0	9.167E-4
0.000E+0	0.000E+0	-1.036E-3
0.000E+0	0.000E+0	-2.264E-5
0.000E+0	0.000E+0	-3.624E-4
0.000E+0	0.000E+0	-1.778E-3
0.000E+0	0.000E+0	-1.087E-3
0.000E+0	0.000E+0	-1.189E-4
0.000E+0	0.000E+0	-1.535E-3
0.000E+0	0.000E+0	-1.258E-3
0.000E+0	0.000E+0	1.168E-3
0.000E+0	0.000E+0	-1.548E-3
0.000E+0	0.000E+0	-8.845E-4
0.000E+0	0.000E+0	-6.353E-4
0.000E+0	0.000E+0	-1.305E-4
0.000E+0	0.000E+0	-1.685E-3
0.000E+0	0.000E+0	-6.245E-5
0.000E+0	0.000E+0	-4.543E-4
0.000E+0	0.000E+0	-1.665E-3
0.000E+0	0.000E+0	-1.103E-3
0.000E+0	0.000E+0	-7.223E-4
0.000E+0	0.000E+0	5.577E-4
0.000E+0	0.000E+0	-3.415E-4
0.000E+0	0.000E+0	-1.037E-3
0.000E+0	0.000E+0	-1.601E-3
0.000E+0	0.000E+0	-2.336E-4
0.000E+0	0.000E+0	-1.220E-3
0.000E+0	0.000E+0	3.365E-4
0.000E+0	0.000E+0	-8.331E-4
0.000E+0	0.000E+0	-2.569E-4
0.000E+0	0.000E+0	-5.079E-4
0.000E+0	0.000E+0	-7.993E-5
0.000E+0	0.000E+0	1.325E-3
0.000E+0	0.000E+0	6.624E-4
0.000E+0	0.000E+0	-4.511E-4
0.000E+0	0.000E+0	-1.800E-3
0.000E+0	0.000E+0	-1.394E-3
0.000E+0	0.000E+0	-1.714E-4
0.000E+0	0.000E+0	4.970E-4
0.000E+0	0.000E+0	-1.257E-4
0.000E+0	0.000E+0	-1.999E-4
0.000E+0	0.000E+0	1.160E-3
0.000E+0	0.000E+0	-4.626E-4
0.000E+0	0.000E+0	-3.370E-4
0.000E+0	0.000E+0	-2.057E-4
0.000E+0	0.000E+0	6.398E-4
0.000E+0	0.000E+0	2.684E-4
0.000E+0	0.000E+0	1.257E-4
0.000E+0	0.000E+0	-1.502E-3
0.000E+0	0.000E+0	-7.941E-4
0.000E+0	0.000E+0	-7.541E-4
0.000E+0	0.000E+0	4.000E-4
0.000E+0	0.000E+0	-1.611E-3
0.000E+0	0.000E+0	3.886E-4
0.000E+0	0.000E+0	-2.349E-3
0.000E+0	0.000E+0	-1.097E-3
0.000E+0	0.000E+0	2.057E-4
0.000E+0	0.000E+0	1.337E-3
0.000E+0	0.000E+0	6.685E-4
0.000E+0	0.000E+0	-3.086E-4
0.000E+0	0.000E+0	-4.400E-4
0.000E+0	0.000E+0	-1.509E-3
0.000E+0	0.000E+0	5.715E-6
0.000E+0	0.000E+0	-1.828E-4
0.000E+0	0.000E+0	-7.372E-4
0.000E+0	0.000E+0	-1.428E-4
0.000E+0	0.000E+0	-6.739E-4
0.000E+0	0.000E+0	-1.114E-3
0.000E+0	0.000E+0	2.913E-4
0.000E+0	0.000E+0	-5.253E-4
0.000E+0	0.000E+0	1.256E-3
0.000E+0	0.000E+0	-8.504E-4
0.000E+0	0.000E+0	-5.365E-4
0.000E+0	0.000E+0	9.017E-4
0.000E+0	0.000E+0	1.141E-5
0.000E+0	0.000E+0	5.419E-4
0.000E+0	0.000E+0	1.609E-3
0.000E+0	0.000E+0	-1.175E-3
0.000E+0	0.000E+0	1.540E-4
0.000E+0	0.000E+0	5.190E-4
0.000E+0	0.000E+0	-3.080E-4
0.000E+0	0.000E+0	-2.281E-5
0.000E+0	0.000E+0	-1.255E-4
0.000E+0	0.000E+0	-1.654E-4
0.000E+0	0.000E+0	-2.851E-5
0.000E+0	0.000E+0	-7.352E-4
0.000E+0	0.000E+0	-3.874E-4
0.000E+0	0.000E+0	-3.418E-4
0.000E+0	0.000E+0	-1.179E-3
0.000E+0	0.000E+0	2.130E-3
0.000E+0	0.000E+0	7.802E-4
0.000E+0	0.000E+0	7.347E-4
0.000E+0	0.000E+0	-4.613E-4
0.000E+0	0.000E+0	8.709E-4
0.000E+0	0.000E+0	-9.674E-5
0.000E+0	0.000E+0	-9.446E-4
0.000E+0	0.000E+0	-1.594E-3
0.000E+0	0.000E+0	1.235E-3
0.000E+0	0.000E+0	-6.205E-4
0.000E+0	0.000E+0	-8.828E-4
0.000E+0	0.000E+0	9.566E-4
0.000E+0	0.000E+0	1.048E-3
0.000E+0	0.000E+0	1.025E-4
0.000E+0	0.000E+0	-2.790E-4
0.000E+0	0.000E+0	-1.281E-3
0.000E+0	0.000E+0	-6.150E-4
0.000E+0	0.000E+0	1.344E-3
0.000E+0	0.000E+0	-1.367E-4
0.000E+0	0.000E+0	-3.134E-4
0.000E+0	0.000E+0	1.077E-3
0.000E+0	0.000E+0	-9.002E-4
0.000E+0	0.000E+0	-9.456E-4
0.000E+0	0.000E+0	-8.091E-4
0.000E+0	0.000E+0	-2.245E-3
0.000E+0	0.000E+0	-1.111E-3
0.000E+0	0.000E+0	-9.577E-4
0.000E+0	0.000E+0	8.436E-4
0.000E+0	0.000E+0	1.767E-4
0.000E+0	0.000E+0	3.933E-4
0.000E+0	0.000E+0	9.062E-4
0.000E+0	0.000E+0	1.363E-3
0.000E+0	0.000E+0	-7.928E-4
0.000E+0	0.000E+0	4.793E-4
0.000E+0	0.000E+0	1.683E-3
0.000E+0	0.000E+0	-7.193E-4
0.000E+0	0.000E+0	6.167E-4
0.000E+0	0.000E+0	-1.143E-5
0.000E+0	0.000E+0	3.717E-4
0.000E+0	0.000E+0	-3.833E-4
0.000E+0	0.000E+0	2.977E-4
0.000E+0	0.000E+0	-5.100E-4
0.000E+0	0.000E+0	1.627E-3
0.000E+0	0.000E+0	-1.336E-3
0.000E+0	0.000E+0	4.187E-4
0.000E+0	0.000E+0	2.296E-5
0.000E+0	0.000E+0	9.763E-5
0.000E+0	0.000E+0	-6.264E-4
0.000E+0	0.000E+0	2.185E-4
0.000E+0	0.000E+0	-5.924E-4
0.000E+0	0.000E+0	-6.965E-4
0.000E+0	0.000E+0	7.027E-4
0.000E+0	0.000E+0	-5.994E-4
0.000E+0	0.000E+0	-1.904E-4
0.000E+0	0.000E+0	-1.224E-3
0.000E+0	0.000E+0	-6.242E-4
0.000E+0	0.000E+0	-1.076E-3
0.000E+0	0.000E+0	1.013E-3
0.000E+0	0.000E+0	-2.897E-4
0.000E+0	0.000E+0	-4.815E-4
0.000E+0	0.000E+0	2.555E-4
0.000E+0	0.000E+0	-5.928E-4
0.000E+0	0.000E+0	-1.082E-3
0.000E+0	0.000E+0	-5.706E-4
0.000E+0	0.000E+0	-1.346E-3
0.000E+0	0.000E+0	-1.254E-3
0.000E+0	0.000E+0	-1.868E-4
0.000E+0	0.000E+0	1.344E-4
0.000E+0	0.000E+0	-4.035E-4
0.000E+0	0.000E+0	-7.785E-4
0.000E+0	0.000E+0	-4.043E-4
0.000E+0	0.000E+0	1.056E-3
0.000E+0	0.000E+0	-8.809E-5
0.000E+0	0.000E+0	6.818E-4
0.000E+0	0.000E+0	-8.177E-4
0.000E+0	0.000E+0	3.415E-4
0.000E+0	0.000E+0	-1.521E-3
0.000E+0	0.000E+0	1.966E-3
0.000E+0	0.000E+0	7.445E-4
0.000E+0	0.000E+0	3.430E-4
0.000E+0	0.000E+0	1.308E-3
0.000E+0	0.000E+0	1.090E-3
0.000E+0	0.000E+0	-1.589E-3
0.000E+0	0.000E+0	3.680E-4
0.000E+0	0.000E+0	-1.592E-3
0.000E+0	0.000E+0	1.606E-4
0.000E+0	0.000E+0	9.589E-4
0.000E+0	0.000E+0	7.154E-4
0.000E+0	0.000E+0	-6.326E-4
0.000E+0	0.000E+0	4.898E-4
0.000E+0	0.000E+0	2.153E-4
0.000E+0	0.000E+0	1.941E-3
0.000E+0	0.000E+0	7.493E-4
0.000E+0	0.000E+0	-5.404E-5
0.000E+0	0.000E+0	4.089E-4
0.000E+0	0.000E+0	-1.048E-3
0.000E+0	0.000E+0	-4.159E-4
0.000E+0	0.000E+0	6.035E-5
0.000E+0	0.000E+0	-7.856E-4
0.000E+0	0.000E+0	-2.117E-4
0.000E+0	0.000E+0	-1.211E-5
0.000E+0	0.000E+0	-1.340E-3
0.000E+0	0.000E+0	4.916E-4
0.000E+0	0.000E+0	-1.714E-3
0.000E+0	0.000E+0	1.217E-4
0.000E+0	0.000E+0	6.150E-4
0.000E+0	0.000E+0	-1.097E-4
0.000E+0	0.000E+0	-2.929E-4
0.000E+0	0.000E+0	-2.981E-3
0.000E+0	0.000E+0	-5.626E-4
0.000E+0	0.000E+0	1.836E-3
0.000E+0	0.000E+0	-5.640E-4
0.000E+0	0.000E+0	-6.445E-4
0.000E+0	0.000E+0	6.393E-4
0.000E+0	0.000E+0	1.391E-3
0.000E+0	0.000E+0	8.628E-5
0.000E+0	0.000E+0	-4.197E-4
0.000E+0	0.000E+0	1.211E-3
0.000E+0	0.000E+0	1.596E-3
0.000E+0	0.000E+0	1.313E-3
0.000E+0	0.000E+0	9.675E-4
0.000E+0	0.000E+0	-8.697E-5
0.000E+0	0.000E+0	-1.032E-3
0.000E+0	0.000E+0	5.293E-4
0.000E+0	0.000E+0	1.122E-3
0.000E+0	0.000E+0	-1.380E-3
0.000E+0	0.000E+0	-7.563E-4
0.000E+0	0.000E+0	4.130E-4
0.000E+0	0.000E+0	-3.760E-5
0.000E+0	0.000E+0	-7.717E-4
0.000E+0	0.000E+0	-1.947E-4
0.000E+0	0.000E+0	5.662E-5
0.000E+0	0.000E+0	1.663E-3
0.000E+0	0.000E+0	4.792E-4
0.000E+0	0.000E+0	-3.220E-4
0.000E+0	0.000E+0	-6.383E-4
0.000E+0	0.000E+0	1.101E-3
0.000E+0	0.000E+0	2.920E-3
0.000E+0	0.000E+0	-2.346E-4
0.000E+0	0.000E+0	-9.522E-5
0.000E+0	0.000E+0	3.940E-4
0.000E+0	0.000E+0	-1.031E-3
0.000E+0	0.000E+0	-3.250E-4
0.000E+0	0.000E+0	1.148E-4
0.000E+0	0.000E+0	0.000E+0
0.000E+0	0.000E+0	7.227E-4
0.000E+0	0.000E+0	-1.108E-3
0.000E+0	0.000E+0	8.980E-4
0.000E+0	0.000E+0	-4.945E-4
0.000E+0	0.000E+0	2.251E-4
0.000E+0	0.000E+0	-9.146E-4
0.000E+0	0.000E+0	2.515E-4
0.000E+0	0.000E+0	-1.046E-3
0.000E+0	0.000E+0	-3.490E-4
0.000E+0	0.000E+0	9.127E-4
0.000E+0	0.000E+0	1.880E-4
0.000E+0	0.000E+0	3.245E-4
0.000E+0	0.000E+0	2.463E-3
0.000E+0	0.000E+0	4.229E-4
0.000E+0	0.000E+0	-1.420E-3
0.000E+0	0.000E+0	3.066E-4
0.000E+0	0.000E+0	1.241E-3
0.000E+0	0.000E+0	-8.307E-4
0.000E+0	0.000E+0	-6.549E-4
0.000E+0	0.000E+0	-7.803E-4
0.000E+0	0.000E+0	2.647E-3
0.000E+0	0.000E+0	-2.367E-4
0.000E+0	0.000E+0	1.317E-5
0.000E+0	0.000E+0	-4.615E-4
0.000E+0	0.000E+0	-9.639E-4
0.000E+0	0.000E+0	3.372E-4
0.000E+0	0.000E+0	-1.523E-4
0.000E+0	0.000E+0	-7.293E-5
0.000E+0	0.000E+0	9.426E-4
0.000E+0	0.000E+0	-1.137E-3
0.000E+0	0.000E+0	9.918E-4
0.000E+0	0.000E+0	6.264E-4
0.000E+0	0.000E+0	-1.688E-3
0.000E+0	0.000E+0	1.470E-3
0.000E+0	0.000E+0	3.010E-4
0.000E+0	0.000E+0	-9.110E-4
0.000E+0	0.000E+0	5.832E-4
0.000E+0	0.000E+0	1.645E-3
0.000E+0	0.000E+0	4.906E-4
0.000E+0	0.000E+0	-2.423E-4
0.000E+0	0.000E+0	4.987E-4
0.000E+0	0.000E+0	5.736E-4
0.000E+0	0.000E+0	-4.459E-4
0.000E+0	0.000E+0	-1.407E-3
0.000E+0	0.000E+0	-1.354E-5
0.000E+0	0.000E+0	1.729E-3
0.000E+0	0.000E+0	-1.833E-4
0.000E+0	0.000E+0	1.455E-3
0.000E+0	0.000E+0	-2.791E-4
0.000E+0	0.000E+0	1.050E-3
0.000E+0	0.000E+0	1.925E-3
0.000E+0	0.000E+0	-1.838E-3
0.000E+0	0.000E+0	3.763E-4
0.000E+0	0.000E+0	2.535E-4
0.000E+0	0.000E+0	4.733E-4
0.000E+0	0.000E+0	-1.243E-3
0.000E+0	0.000E+0	6.535E-4
0.000E+0	0.000E+0	9.641E-4
0.000E+0	0.000E+0	-1.682E-3
0.000E+0	0.000E+0	-8.835E-4
0.000E+0	0.000E+0	-1.223E-3
0.000E+0	0.000E+0	-2.353E-4
0.000E+0	0.000E+0	5.961E-4
0.000E+0	0.000E+0	-1.229E-3
0.000E+0	0.000E+0	8.343E-5
0.000E+0	0.000E+0	8.705E-4
0.000E+0	0.000E+0	2.789E-4
0.000E+0	0.000E+0	-6.285E-4
0.000E+0	0.000E+0	6.365E-4
0.000E+0	0.000E+0	4.764E-4
0.000E+0	0.000E+0	1.452E-3
0.000E+0	0.000E+0	-3.652E-4
0.000E+0	0.000E+0	-9.845E-4
0.000E+0	0.000E+0	-1.599E-3
0.000E+0	0.000E+0	3.246E-4
0.000E+0	0.000E+0	1.316E-3
0.000E+0	0.000E+0	1.107E-3
0.000E+0	0.000E+0	1.202E-3
0.000E+0	0.000E+0	8.276E-4
0.000E+0	0.000E+0	8.580E-5
0.000E+0	0.000E+0	1.040E-3
0.000E+0	0.000E+0	2.265E-3
0.000E+0	0.000E+0	7.429E-4
0.000E+0	0.000E+0	-1.556E-3
0.000E+0	0.000E+0	-2.553E-3
0.000E+0	0.000E+0	1.512E-3
0.000E+0	0.000E+0	1.026E-3
0.000E+0	0.000E+0	1.086E-3
0.000E+0	0.000E+0	-2.191E-5
0.000E+0	0.000E+0	3.215E-4
0.000E+0	0.000E+0	-1.932E-3
0.000E+0	0.000E+0	9.958E-4
0.000E+0	0.000E+0	-3.368E-4
0.000E+0	0.000E+0	8.204E-4
0.000E+0	0.000E+0	-1.766E-3
0.000E+0	0.000E+0	-4.911E-4
0.000E+0	0.000E+0	-5.572E-4
0.000E+0	0.000E+0	-1.027E-4
0.000E+0	0.000E+0	1.894E-3
0.000E+0	0.000E+0	2.770E-3
0.000E+0	0.000E+0	4.193E-4
0.000E+0	0.000E+0	2.106E-3
0.000E+0	0.000E+0	2.950E-5
0.000E+0	0.000E+0	-2.217E-5
0.000E+0	0.000E+0	-1.821E-3
0.000E+0	0.000E+0	-1.558E-4
0.000E+0	0.000E+0	4.535E-4
0.000E+0	0.000E+0	1.907E-3
0.000E+0	0.000E+0	1.127E-3
0.000E+0	0.000E+0	3.140E-4
0.000E+0	0.000E+0	2.247E-5
0.000E+0	0.000E+0	2.364E-3
0.000E+0	0.000E+0	-2.661E-3
0.000E+0	0.000E+0	1.243E-3
0.000E+0	0.000E+0	1.615E-3
0.000E+0	0.000E+0	4.234E-4
0.000E+0	0.000E+0	3.787E-4
0.000E+0	0.000E+0	-6.826E-5
0.000E+0	0.000E+0	8.360E-4
0.000E+0	0.000E+0	2.193E-3
0.000E+0	0.000E+0	-1.152E-3
0.000E+0	0.000E+0	-2.285E-3
0.000E+0	0.000E+0	1.960E-3
0.000E+0	0.000E+0	1.404E-3
0.000E+0	0.000E+0	8.152E-4
0.000E+0	0.000E+0	1.811E-3
0.000E+0	0.000E+0	7.179E-4
0.000E+0	0.000E+0	-1.098E-3
0.000E+0	0.000E+0	-2.365E-3
0.000E+0	0.000E+0	-6.371E-4
0.000E+0	0.000E+0	-5.449E-5
0.000E+0	0.000E+0	-3.900E-4
0.000E+0	0.000E+0	1.220E-3
0.000E+0	0.000E+0	-8.618E-5
0.000E+0	0.000E+0	4.631E-4
0.000E+0	0.000E+0	6.293E-4
0.000E+0	0.000E+0	7.566E-4
0.000E+0	0.000E+0	-6.319E-5
0.000E+0	0.000E+0	-2.612E-4
0.000E+0	0.000E+0	2.086E-3
0.000E+0	0.000E+0	9.537E-4
0.000E+0	0.000E+0	5.735E-4
0.000E+0	0.000E+0	-5.028E-4
0.000E+0	0.000E+0	-1.759E-4
0.000E+0	0.000E+0	-1.402E-3
0.000E+0	0.000E+0	-1.398E-3
0.000E+0	0.000E+0	-2.656E-4
0.000E+0	0.000E+0	2.743E-4
0.000E+0	0.000E+0	-1.374E-3
0.000E+0	0.000E+0	4.293E-4
0.000E+0	0.000E+0	5.437E-4
0.000E+0	0.000E+0	1.871E-4
0.000E+0	0.000E+0	1.329E-3
0.000E+0	0.000E+0	-7.515E-4
0.000E+0	0.000E+0	-1.474E-3
0.000E+0	0.000E+0	-1.435E-3
0.000E+0	0.000E+0	4.931E-5
0.000E+0	0.000E+0	-1.648E-3
0.000E+0	0.000E+0	-1.494E-3
0.000E+0	0.000E+0	-6.372E-4
0.000E+0	0.000E+0	3.815E-4
0.000E+0	0.000E+0	-1.987E-3
0.000E+0	0.000E+0	-2.916E-3
0.000E+0	0.000E+0	1.119E-3
0.000E+0	0.000E+0	-5.023E-4
0.000E+0	0.000E+0	2.224E-3
0.000E+0	0.000E+0	-2.187E-4
0.000E+0	0.000E+0	1.687E-4
0.000E+0	0.000E+0	-7.608E-5
0.000E+0	0.000E+0	-9.236E-4
0.000E+0	0.000E+0	1.766E-3
0.000E+0	0.000E+0	-2.486E-3
0.000E+0	0.000E+0	-1.647E-3
0.000E+0	0.000E+0	1.531E-3
0.000E+0	0.000E+0	-6.174E-4
0.000E+0	0.000E+0	9.793E-4
0.000E+0	0.000E+0	1.016E-3
0.000E+0	0.000E+0	8.112E-4
0.000E+0	0.000E+0	-1.643E-3
0.000E+0	0.000E+0	2.002E-3
0.000E+0	0.000E+0	1.103E-3
0.000E+0	0.000E+0	-3.919E-4
0.000E+0	0.000E+0	6.021E-4
0.000E+0	0.000E+0	-2.598E-3
0.000E+0	0.000E+0	1.104E-3
0.000E+0	0.000E+0	1.133E-3
0.000E+0	0.000E+0	-9.334E-4
0.000E+0	0.000E+0	-4.385E-3
0.000E+0	0.000E+0	-1.158E-3
0.000E+0	0.000E+0	7.624E-4
0.000E+0	0.000E+0	1.573E-3
0.000E+0	0.000E+0	5.077E-4
0.000E+0	0.000E+0	-1.982E-3
0.000E+0	0.000E+0	-1.440E-3
0.000E+0	0.000E+0	1.525E-4
0.000E+0	0.000E+0	1.177E-3
0.000E+0	0.000E+0	2.162E-3
0.000E+0	0.000E+0	-5.329E-4
0.000E+0	0.000E+0	-5.704E-4
0.000E+0	0.000E+0	-1.942E-3
0.000E+0	0.000E+0	-3.065E-3
0.000E+0	0.000E+0	6.834E-4
0.000E+0	0.000E+0	1.242E-3
0.000E+0	0.000E+0	1.602E-3
0.000E+0	0.000E+0	3.010E-3
0.000E+0	0.000E+0	-1.104E-3
0.000E+0	0.000E+0	-1.014E-4
0.000E+0	0.000E+0	1.136E-3
0.000E+0	0.000E+0	1.676E-3
0.000E+0	0.000E+0	2.913E-3
0.000E+0	0.000E+0	-2.084E-3
0.000E+0	0.000E+0	2.601E-3
0.000E+0	0.000E+0	-1.832E-3
0.000E+0	0.000E+0	1.509E-3
0.000E+0	0.000E+0	5.633E-5
0.000E+0	0.000E+0	-1.920E-3
0.000E+0	0.000E+0	-5.660E-4
0.000E+0	0.000E+0	-2.695E-3
0.000E+0	0.000E+0	1.962E-3
0.000E+0	0.000E+0	3.041E-4
0.000E+0	0.000E+0	9.713E-4
0.000E+0	0.000E+0	1.680E-3
0.000E+0	0.000E+0	-1.062E-3
0.000E+0	0.000E+0	5.464E-4
0.000E+0	0.000E+0	4.179E-3
0.000E+0	0.000E+0	-4.814E-5
0.000E+0	0.000E+0	-8.009E-4
0.000E+0	0.000E+0	-2.465E-3
0.000E+0	0.000E+0	1.376E-3
0.000E+0	0.000E+0	2.136E-3
0.000E+0	0.000E+0	1.401E-3
0.000E+0	0.000E+0	4.202E-3
0.000E+0	0.000E+0	3.828E-3
0.000E+0	0.000E+0	2.525E-3
0.000E+0	0.000E+0	-2.805E-3
0.000E+0	0.000E+0	-1.691E-3
0.000E+0	0.000E+0	2.089E-3
0.000E+0	0.000E+0	-2.380E-3
0.000E+0	0.000E+0	1.465E-3
0.000E+0	0.000E+0	-1.775E-3
0.000E+0	0.000E+0	-1.332E-3
0.000E+0	0.000E+0	1.146E-3
0.000E+0	0.000E+0	1.798E-4
0.000E+0	0.000E+0	1.232E-3
0.000E+0	0.000E+0	-1.004E-3
0.000E+0	0.000E+0	-7.343E-4
0.000E+0	0.000E+0	-2.188E-3
0.000E+0	0.000E+0	1.102E-3
0.000E+0	0.000E+0	1.793E-3
0.000E+0	0.000E+0	-1.695E-3
0.000E+0	0.000E+0	1.434E-3
0.000E+0	0.000E+0	-1.560E-3
0.000E+0	0.000E+0	-1.298E-3
0.000E+0	0.000E+0	-2.254E-4
0.000E+0	0.000E+0	-9.238E-4
0.000E+0	0.000E+0	-3.065E-3
0.000E+0	0.000E+0	-1.268E-3
0.000E+0	0.000E+0	-1.188E-3
0.000E+0	0.000E+0	7.246E-5
0.000E+0	0.000E+0	1.494E-3
0.000E+0	0.000E+0	-9.673E-4
0.000E+0	0.000E+0	1.772E-4
0.000E+0	0.000E+0	4.910E-4
0.000E+0	0.000E+0	-3.350E-4
0.000E+0	0.000E+0	7.346E-5
0.000E+0	0.000E+0	-1.662E-3
0.000E+0	0.000E+0	-9.698E-4
0.000E+0	0.000E+0	2.673E-3
0.000E+0	0.000E+0	1.865E-3
0.000E+0	0.000E+0	-2.612E-3
0.000E+0	0.000E+0	3.085E-4
0.000E+0	0.000E+0	1.524E-3
0.000E+0	0.000E+0	1.388E-3
0.000E+0	0.000E+0	-1.209E-3
0.000E+0	0.000E+0	-5.684E-4
0.000E+0	0.000E+0	1.332E-3
0.000E+0	0.000E+0	-1.432E-3
0.000E+0	0.000E+0	1.295E-4
0.000E+0	0.000E+0	-2.411E-3
0.000E+0	0.000E+0	-2.501E-3
0.000E+0	0.000E+0	-5.535E-4
0.000E+0	0.000E+0	-1.272E-3
0.000E+0	0.000E+0	-4.733E-3
0.000E+0	0.000E+0	-5.465E-5
0.000E+0	0.000E+0	-5.542E-3
0.000E+0	0.000E+0	-2.393E-3
0.000E+0	0.000E+0	-3.828E-3
0.000E+0	0.000E+0	-2.161E-3
0.000E+0	0.000E+0	4.198E-4
0.000E+0	0.000E+0	2.579E-3
0.000E+0	0.000E+0	1.686E-3
0.000E+0	0.000E+0	-4.894E-4
0.000E+0	0.000E+0	5.239E-4
0.000E+0	0.000E+0	-8.265E-4
0.000E+0	0.000E+0	2.395E-3
0.000E+0	0.000E+0	-5.216E-3
0.000E+0	0.000E+0	1.090E-3
0.000E+0	0.000E+0	-1.825E-3
0.000E+0	0.000E+0	-2.428E-3
0.000E+0	0.000E+0	-9.510E-4
0.000E+0	0.000E+0	6.921E-4
0.000E+0	0.000E+0	-5.686E-4
0.000E+0	0.000E+0	4.216E-4
0.000E+0	0.000E+0	-2.432E-3
0.000E+0	0.000E+0	-3.091E-3
0.000E+0	0.000E+0	1.985E-3
0.000E+0	0.000E+0	4.829E-4
0.000E+0	0.000E+0	-9.453E-4
0.000E+0	0.000E+0	2.206E-3
0.000E+0	0.000E+0	-2.733E-3
0.000E+0	0.000E+0	1.277E-3
0.000E+0	0.000E+0	3.956E-4
0.000E+0	0.000E+0	-7.580E-4
0.000E+0	0.000E+0	-5.845E-5
0.000E+0	0.000E+0	6.445E-4
0.000E+0	0.000E+0	-3.640E-4
0.000E+0	0.000E+0	-5.885E-5
0.000E+0	0.000E+0	3.186E-3
0.000E+0	0.000E+0	2.484E-4
0.000E+0	0.000E+0	-1.933E-3
0.000E+0	0.000E+0	-9.387E-4
0.000E+0	0.000E+0	2.084E-3
0.000E+0	0.000E+0	-4.536E-4
0.000E+0	0.000E+0	1.448E-3
0.000E+0	0.000E+0	4.581E-3
0.000E+0	0.000E+0	-1.792E-3
0.000E+0	0.000E+0	-1.567E-3
0.000E+0	0.000E+0	2.900E-4
0.000E+0	0.000E+0	-1.332E-4
0.000E+0	0.000E+0	1.323E-3
0.000E+0	0.000E+0	2.713E-3
0.000E+0	0.000E+0	-1.951E-4
0.000E+0	0.000E+0	-9.905E-4
0.000E+0	0.000E+0	5.636E-4
0.000E+0	0.000E+0	-9.458E-4
0.000E+0	0.000E+0	2.487E-3
0.000E+0	0.000E+0	1.333E-3
0.000E+0	0.000E+0	2.412E-3
0.000E+0	0.000E+0	-8.678E-5
0.000E+0	0.000E+0	-5.591E-4
0.000E+0	0.000E+0	1.632E-3
0.000E+0	0.000E+0	-3.460E-3
0.000E+0	0.000E+0	5.886E-4
0.000E+0	0.000E+0	7.157E-4
0.000E+0	0.000E+0	-7.051E-4
0.000E+0	0.000E+0	-2.776E-4
0.000E+0	0.000E+0	5.188E-3
0.000E+0	0.000E+0	1.992E-3
0.000E+0	0.000E+0	-2.989E-3
0.000E+0	0.000E+0	1.071E-3
0.000E+0	0.000E+0	1.381E-3
0.000E+0	0.000E+0	5.000E-4
0.000E+0	0.000E+0	-2.056E-4
0.000E+0	0.000E+0	-3.003E-3
0.000E+0	0.000E+0	-3.230E-3
0.000E+0	0.000E+0	8.552E-4
0.000E+0	0.000E+0	-3.118E-3
0.000E+0	0.000E+0	2.215E-3
0.000E+0	0.000E+0	-1.411E-3
0.000E+0	0.000E+0	4.452E-4
0.000E+0	0.000E+0	2.035E-3
0.000E+0	0.000E+0	-1.883E-3
0.000E+0	0.000E+0	-5.808E-4
0.000E+0	0.000E+0	-1.853E-4
0.000E+0	0.000E+0	7.296E-4
0.000E+0	0.000E+0	6.786E-4
0.000E+0	0.000E+0	2.856E-3
0.000E+0	0.000E+0	1.325E-3
0.000E+0	0.000E+0	1.047E-3
0.000E+0	0.000E+0	1.157E-3
0.000E+0	0.000E+0	1.943E-3
0.000E+0	0.000E+0	1.136E-3
0.000E+0	0.000E+0	-2.429E-3
0.000E+0	0.000E+0	-9.661E-4
0.000E+0	0.000E+0	-2.292E-3
0.000E+0	0.000E+0	9.848E-4
0.000E+0	0.000E+0	1.577E-3
0.000E+0	0.000E+0	-2.557E-3
0.000E+0	0.000E+0	2.026E-3
0.000E+0	0.000E+0	-2.653E-3
0.000E+0	0.000E+0	3.173E-3
0.000E+0	0.000E+0	3.446E-3
0.000E+0	0.000E+0	1.281E-3
0.000E+0	0.000E+0	6.842E-4
0.000E+0	0.000E+0	2.394E-3
0.000E+0	0.000E+0	1.699E-3
0.000E+0	0.000E+0	-3.139E-3
0.000E+0	0.000E+0	4.517E-4
0.000E+0	0.000E+0	5.800E-4
0.000E+0	0.000E+0	3.348E-3
0.000E+0	0.000E+0	-1.863E-3
0.000E+0	0.000E+0	-1.641E-3
0.000E+0	0.000E+0	-3.075E-3
0.000E+0	0.000E+0	-2.898E-3
0.000E+0	0.000E+0	7.623E-4
0.000E+0	0.000E+0	1.789E-3
0.000E+0	0.000E+0	3.356E-3
0.000E+0	0.000E+0	1.640E-3
0.000E+0	0.000E+0	2.968E-3
0.000E+0	0.000E+0	2.801E-3
0.000E+0	0.000E+0	-4.023E-3
0.000E+0	0.000E+0	4.121E-3
0.000E+0	0.000E+0	-1.029E-4
0.000E+0	0.000E+0	-5.203E-3
0.000E+0	0.000E+0	-8.274E-4
0.000E+0	0.000E+0	1.734E-3
0.000E+0	0.000E+0	2.332E-3
0.000E+0	0.000E+0	6.852E-4
0.000E+0	0.000E+0	-1.777E-3
0.000E+0	0.000E+0	-1.932E-3
0.000E+0	0.000E+0	-2.374E-3
0.000E+0	0.000E+0	3.555E-3
0.000E+0	0.000E+0	1.677E-3
0.000E+0	0.000E+0	-3.788E-4
0.000E+0	0.000E+0	-6.383E-4
0.000E+0	0.000E+0	-5.181E-3
0.000E+0	0.000E+0	2.338E-3
0.000E+0	0.000E+0	1.854E-3
0.000E+0	0.000E+0	4.148E-3
0.000E+0	0.000E+0	7.852E-4
0.000E+0	0.000E+0	2.933E-4
0.000E+0	0.000E+0	-7.739E-4
0.000E+0	0.000E+0	1.971E-3
0.000E+0	0.000E+0	4.356E-4
0.000E+0	0.000E+0	2.870E-3
0.000E+0	0.000E+0	-1.564E-3
0.000E+0	0.000E+0	-1.380E-3
0.000E+0	0.000E+0	-4.967E-3
0.000E+0	0.000E+0	2.365E-4
0.000E+0	0.000E+0	-2.687E-4
0.000E+0	0.000E+0	-8.562E-4
0.000E+0	0.000E+0	1.081E-3
0.000E+0	0.000E+0	2.025E-3
0.000E+0	0.000E+0	2.287E-3
0.000E+0	0.000E+0	2.662E-3
0.000E+0	0.000E+0	-5.791E-4
0.000E+0	0.000E+0	3.856E-3
0.000E+0	0.000E+0	1.618E-5
0.000E+0	0.000E+0	1.347E-3
0.000E+0	0.000E+0	-2.570E-3
0.000E+0	0.000E+0	3.198E-3
0.000E+0	0.000E+0	4.090E-4
0.000E+0	0.000E+0	-6.726E-4
0.000E+0	0.000E+0	1.958E-3
0.000E+0	0.000E+0	1.815E-4
0.000E+0	0.000E+0	-1.919E-3
0.000E+0	0.000E+0	-1.725E-3
0.000E+0	0.000E+0	-3.227E-3
0.000E+0	0.000E+0	-3.387E-3
0.000E+0	0.000E+0	-9.939E-3
0.000E+0	0.000E+0	-2.618E-3
0.000E+0	0.000E+0	-3.886E-3
0.000E+0	0.000E+0	-2.075E-3
0.000E+0	0.000E+0	2.031E-4
0.000E+0	0.000E+0	-1.341E-3
0.000E+0	0.000E+0	7.437E-3
0.000E+0	0.000E+0	2.594E-3
0.000E+0	0.000E+0	1.489E-3
0.000E+0	0.000E+0	-1.733E-3
0.000E+0	0.000E+0	-6.642E-3
0.000E+0	0.000E+0	-5.540E-3
0.000E+0	0.000E+0	1.229E-3
0.000E+0	0.000E+0	2.066E-3
0.000E+0	0.000E+0	4.875E-4
0.000E+0	0.000E+0	1.047E-4
0.000E+0	0.000E+0	1.855E-3
0.000E+0	0.000E+0	-1.843E-3
0.000E+0	0.000E+0	3.680E-3
0.000E+0	0.000E+0	2.418E-3
0.000E+0	0.000E+0	-2.142E-3
0.000E+0	0.000E+0	2.857E-3
0.000E+0	0.000E+0	1.602E-4
0.000E+0	0.000E+0	-3.248E-3
0.000E+0	0.000E+0	7.696E-4
0.000E+0	0.000E+0	7.177E-4
0.000E+0	0.000E+0	-4.283E-3
0.000E+0	0.000E+0	3.482E-3
0.000E+0	0.000E+0	1.791E-3
0.000E+0	0.000E+0	4.805E-3
0.000E+0	0.000E+0	-1.765E-3
0.000E+0	0.000E+0	3.648E-4
0.000E+0	0.000E+0	1.647E-3
0.000E+0	0.000E+0	-1.247E-3
0.000E+0	0.000E+0	7.079E-3
0.000E+0	0.000E+0	4.186E-3
0.000E+0	0.000E+0	3.552E-3
0.000E+0	0.000E+0	-2.486E-3
0.000E+0	0.000E+0	-3.405E-3
0.000E+0	0.000E+0	-5.281E-3
0.000E+0	0.000E+0	1.029E-3
0.000E+0	0.000E+0	2.739E-3
0.000E+0	0.000E+0	4.329E-4
0.000E+0	0.000E+0	5.850E-4
0.000E+0	0.000E+0	-3.541E-3
0.000E+0	0.000E+0	-4.540E-3
0.000E+0	0.000E+0	9.903E-4
0.000E+0	0.000E+0	-5.326E-3
0.000E+0	0.000E+0	-2.297E-4
0.000E+0	0.000E+0	4.511E-3
0.000E+0	0.000E+0	2.676E-3
0.000E+0	0.000E+0	-1.853E-3
0.000E+0	0.000E+0	1.723E-3
0.000E+0	0.000E+0	-1.047E-3
0.000E+0	0.000E+0	-1.614E-3
0.000E+0	0.000E+0	-2.729E-4
0.000E+0	0.000E+0	4.300E-4
0.000E+0	0.000E+0	7.449E-4
0.000E+0	0.000E+0	-3.932E-4
0.000E+0	0.000E+0	-8.871E-4
0.000E+0	0.000E+0	1.561E-3
0.000E+0	0.000E+0	4.379E-3
0.000E+0	0.000E+0	-2.524E-3
0.000E+0	0.000E+0	4.024E-3
0.000E+0	0.000E+0	7.993E-4
0.000E+0	0.000E+0	-5.550E-3
0.000E+0	0.000E+0	-3.456E-3
0.000E+0	0.000E+0	4.530E-3
0.000E+0	0.000E+0	2.604E-3
0.000E+0	0.000E+0	1.133E-3
0.000E+0	0.000E+0	-3.836E-3
0.000E+0	0.000E+0	-1.892E-3
0.000E+0	0.000E+0	-2.347E-3
0.000E+0	0.000E+0	4.193E-3
0.000E+0	0.000E+0	-3.138E-3
0.000E+0	0.000E+0	-3.722E-3
0.000E+0	0.000E+0	6.188E-4
0.000E+0	0.000E+0	-3.517E-3
0.000E+0	0.000E+0	-5.686E-3
0.000E+0	0.000E+0	-1.040E-4
0.000E+0	0.000E+0	-3.129E-3
0.000E+0	0.000E+0	2.822E-3
0.000E+0	0.000E+0	-4.613E-3
0.000E+0	0.000E+0	3.301E-3
0.000E+0	0.000E+0	1.602E-3
0.000E+0	0.000E+0	-1.987E-3
0.000E+0	0.000E+0	1.042E-2
0.000E+0	0.000E+0	-1.104E-3
0.000E+0	0.000E+0	9.789E-4
0.000E+0	0.000E+0	-2.560E-3
0.000E+0	0.000E+0	-3.848E-4
0.000E+0	0.000E+0	2.765E-3
0.000E+0	0.000E+0	-8.275E-3
0.000E+0	0.000E+0	-6.980E-3
0.000E+0	0.000E+0	0.000E+0
0.000E+0	0.000E+0	-5.846E-4
0.000E+0	0.000E+0	5.688E-3
0.000E+0	0.000E+0	1.328E-3
0.000E+0	0.000E+0	-4.105E-3
0.000E+0	0.000E+0	-7.442E-3
0.000E+0	0.000E+0	7.571E-3
0.000E+0	0.000E+0	-6.402E-3
0.000E+0	0.000E+0	7.504E-4
0.000E+0	0.000E+0	-5.223E-3
0.000E+0	0.000E+0	3.684E-3
0.000E+0	0.000E+0	4.030E-3
0.000E+0	0.000E+0	-3.503E-3
0.000E+0	0.000E+0	7.718E-3
0.000E+0	0.000E+0	8.080E-4
0.000E+0	0.000E+0	1.305E-3
0.000E+0	0.000E+0	2.731E-3
0.000E+0	0.000E+0	6.791E-4
0.000E+0	0.000E+0	2.565E-3
0.000E+0	0.000E+0	-2.276E-3
0.000E+0	0.000E+0	2.123E-3
0.000E+0	0.000E+0	3.435E-4
0.000E+0	0.000E+0	6.500E-3
0.000E+0	0.000E+0	-2.534E-4
0.000E+0	0.000E+0	-1.779E-3
0.000E+0	0.000E+0	4.028E-3
0.000E+0	0.000E+0	-4.431E-3
0.000E+0	0.000E+0	2.860E-3
0.000E+0	0.000E+0	-4.778E-3
0.000E+0	0.000E+0	-1.613E-3
0.000E+0	0.000E+0	-4.711E-3
0.000E+0	0.000E+0	-7.281E-4
0.000E+0	0.000E+0	2.472E-3
0.000E+0	0.000E+0	-1.250E-3
0.000E+0	0.000E+0	1.300E-3
0.000E+0	0.000E+0	-2.679E-3
0.000E+0	0.000E+0	5.376E-3
0.000E+0	0.000E+0	1.002E-3
0.000E+0	0.000E+0	-3.111E-3
0.000E+0	0.000E+0	-1.104E-3
0.000E+0	0.000E+0	-6.253E-3
0.000E+0	0.000E+0	-7.235E-4
0.000E+0	0.000E+0	-5.684E-3
0.000E+0	0.000E+0	-7.788E-3
0.000E+0	0.000E+0	-6.228E-3
0.000E+0	0.000E+0	-2.098E-3
0.000E+0	0.000E+0	-2.568E-3
0.000E+0	0.000E+0	6.473E-3
0.000E+0	0.000E+0	1.156E-3
0.000E+0	0.000E+0	-5.572E-3
0.000E+0	0.000E+0	-1.311E-3
0.000E+0	0.000E+0	-5.949E-4
0.000E+0	0.000E+0	7.405E-3
0.000E+0	0.000E+0	-5.656E-3
0.000E+0	0.000E+0	-4.896E-3
0.000E+0	0.000E+0	5.961E-3
0.000E+0	0.000E+0	-1.432E-3
0.000E+0	0.000E+0	-2.846E-3
0.000E+0	0.000E+0	-3.763E-3
0.000E+0	0.000E+0	-6.988E-3
0.000E+0	0.000E+0	-2.995E-3
0.000E+0	0.000E+0	-2.824E-3
0.000E+0	0.000E+0	-3.265E-3
0.000E+0	0.000E+0	-6.062E-3
0.000E+0	0.000E+0	-3.539E-3
0.000E+0	0.000E+0	-5.142E-4
0.000E+0	0.000E+0	-7.061E-3
0.000E+0	0.000E+0	-6.201E-4
0.000E+0	0.000E+0	-5.907E-3
0.000E+0	0.000E+0	-2.599E-5
0.000E+0	0.000E+0	1.825E-3
0.000E+0	0.000E+0	3.555E-3
0.000E+0	0.000E+0	1.075E-3
0.000E+0	0.000E+0	0.000E+0
0.000E+0	0.000E+0	-6.273E-3
0.000E+0	0.000E+0	-6.552E-3
0.000E+0	0.000E+0	-1.749E-3
0.000E+0	0.000E+0	-3.988E-4
0.000E+0	0.000E+0	5.812E-3
0.000E+0	0.000E+0	-5.879E-3
0.000E+0	0.000E+0	-1.607E-4
0.000E+0	0.000E+0	5.184E-3
0.000E+0	0.000E+0	-3.583E-3
0.000E+0	0.000E+0	-9.729E-4
0.000E+0	0.000E+0	-1.111E-3
0.000E+0	0.000E+0	1.033E-3
0.000E+0	0.000E+0	8.995E-3
0.000E+0	0.000E+0	-6.257E-3
0.000E+0	0.000E+0	-4.599E-3
0.000E+0	0.000E+0	6.203E-3
0.000E+0	0.000E+0	-3.083E-3
0.000E+0	0.000E+0	1.822E-3
0.000E+0	0.000E+0	3.515E-3
0.000E+0	0.000E+0	-3.329E-4
0.000E+0	0.000E+0	1.836E-3
0.000E+0	0.000E+0	-1.070E-2
0.000E+0	0.000E+0	-1.733E-3
0.000E+0	0.000E+0	2.804E-3
0.000E+0	0.000E+0	8.437E-4
0.000E+0	0.000E+0	3.301E-3
0.000E+0	0.000E+0	0.000E+0
0.000E+0	0.000E+0	7.655E-4
0.000E+0	0.000E+0	-6.452E-3
0.000E+0	0.000E+0	8.834E-4
0.000E+0	0.000E+0	-1.372E-3
0.000E+0	0.000E+0	-4.645E-3
0.000E+0	0.000E+0	-4.169E-3
0.000E+0	0.000E+0	2.998E-3
0.000E+0	0.000E+0	-8.379E-4
0.000E+0	0.000E+0	-1.941E-3
0.000E+0	0.000E+0	4.734E-3
0.000E+0	0.000E+0	-3.175E-3
0.000E+0	0.000E+0	-7.602E-4
0.000E+0	0.000E+0	4.047E-3
0.000E+0	0.000E+0	-2.940E-4
0.000E+0	0.000E+0	6.956E-3
0.000E+0	0.000E+0	-3.191E-3
0.000E+0	0.000E+0	-6.610E-3
0.000E+0	0.000E+0	9.808E-4
0.000E+0	0.000E+0	-2.980E-5
0.000E+0	0.000E+0	-9.831E-3
0.000E+0	0.000E+0	1.409E-3
0.000E+0	0.000E+0	4.805E-3
0.000E+0	0.000E+0	-4.548E-3
0.000E+0	0.000E+0	-4.590E-3
0.000E+0	0.000E+0	4.121E-3
0.000E+0	0.000E+0	4.256E-4
0.000E+0	0.000E+0	-3.902E-3
0.000E+0	0.000E+0	-9.167E-4
0.000E+0	0.000E+0	-1.992E-3
0.000E+0	0.000E+0	1.659E-3
0.000E+0	0.000E+0	5.824E-3
0.000E+0	0.000E+0	6.212E-3
0.000E+0	0.000E+0	-7.907E-3
0.000E+0	0.000E+0	1.990E-3
0.000E+0	0.000E+0	-2.401E-3
0.000E+0	0.000E+0	4.093E-3
0.000E+0	0.000E+0	3.227E-3
0.000E+0	0.000E+0	1.175E-2
0.000E+0	0.000E+0	7.910E-3
0.000E+0	0.000E+0	-7.271E-3
0.000E+0	0.000E+0	-4.251E-3
0.000E+0	0.000E+0	-6.232E-3
0.000E+0	0.000E+0	8.734E-3
0.000E+0	0.000E+0	-6.808E-3
0.000E+0	0.000E+0	5.451E-4
0.000E+0	0.000E+0	-3.217E-3
0.000E+0	0.000E+0	2.778E-3
0.000E+0	0.000E+0	-1.069E-3
0.000E+0	0.000E+0	-9.035E-3
0.000E+0	0.000E+0	-4.268E-3
0.000E+0	0.000E+0	-1.961E-3
0.000E+0	0.000E+0	9.830E-5
0.000E+0	0.000E+0	-3.026E-3
0.000E+0	0.000E+0	1.980E-4
0.000E+0	0.000E+0	1.689E-3
0.000E+0	0.000E+0	-3.622E-3
0.000E+0	0.000E+0	-1.136E-2
0.000E+0	0.000E+0	-1.102E-3
0.000E+0	0.000E+0	1.062E-2
0.000E+0	0.000E+0	7.729E-3
0.000E+0	0.000E+0	-8.059E-3
0.000E+0	0.000E+0	-9.033E-3
0.000E+0	0.000E+0	-3.293E-3
0.000E+0	0.000E+0	-7.727E-3
0.000E+0	0.000E+0	-6.519E-3
0.000E+0	0.000E+0	-7.051E-3
0.000E+0	0.000E+0	-2.505E-3
0.000E+0	0.000E+0	-7.607E-3
0.000E+0	0.000E+0	-1.371E-2
0.000E+0	0.000E+0	-4.885E-3
0.000E+0	0.000E+0	-9.306E-3
0.000E+0	0.000E+0	-2.717E-3
0.000E+0	0.000E+0	7.336E-4
0.000E+0	0.000E+0	-3.957E-3
0.000E+0	0.000E+0	2.038E-3
0.000E+0	0.000E+0	-8.108E-4
0.000E+0	0.000E+0	-6.258E-3
0.000E+0	0.000E+0	-6.420E-3
0.000E+0	0.000E+0	-9.603E-4
0.000E+0	0.000E+0	1.212E-3
0.000E+0	0.000E+0	4.577E-3
0.000E+0	0.000E+0	-1.793E-3
0.000E+0	0.000E+0	-8.670E-3
0.000E+0	0.000E+0	-5.196E-3
0.000E+0	0.000E+0	9.011E-3
0.000E+0	0.000E+0	2.758E-3
0.000E+0	0.000E+0	3.568E-3
0.000E+0	0.000E+0	1.388E-3
0.000E+0	0.000E+0	0.000E+0
0.000E+0	0.000E+0	1.275E-2
0.000E+0	0.000E+0	-2.214E-4
0.000E+0	0.000E+0	3.777E-3
0.000E+0	0.000E+0	-1.527E-2
0.000E+0	0.000E+0	4.507E-3
0.000E+0	0.000E+0	9.229E-3
0.000E+0	0.000E+0	5.213E-3
0.000E+0	0.000E+0	2.108E-3
0.000E+0	0.000E+0	-2.002E-3
0.000E+0	0.000E+0	-5.117E-3
0.000E+0	0.000E+0	-8.289E-3
0.000E+0	0.000E+0	2.479E-3
0.000E+0	0.000E+0	-9.138E-3
0.000E+0	0.000E+0	5.752E-4
0.000E+0	0.000E+0	-6.312E-3
0.000E+0	0.000E+0	-2.318E-4
0.000E+0	0.000E+0	-4.226E-3
0.000E+0	0.000E+0	2.644E-3
0.000E+0	0.000E+0	6.469E-3
0.000E+0	0.000E+0	-3.908E-4
0.000E+0	0.000E+0	-5.173E-3
0.000E+0	0.000E+0	1.596E-2
0.000E+0	0.000E+0	2.760E-4
0.000E+0	0.000E+0	-5.144E-3
0.000E+0	0.000E+0	-4.764E-4
0.000E+0	0.000E+0	8.679E-3
0.000E+0	0.000E+0	2.515E-3
0.000E+0	0.000E+0	-2.964E-3
0.000E+0	0.000E+0	5.627E-4
0.000E+0	0.000E+0	4.642E-3
0.000E+0	0.000E+0	4.011E-3
0.000E+0	0.000E+0	3.291E-3
0.000E+0	0.000E+0	-1.019E-3
0.000E+0	0.000E+0	-3.722E-3
0.000E+0	0.000E+0	-1.153E-2
0.000E+0	0.000E+0	5.844E-3
0.000E+0	0.000E+0	7.229E-3
0.000E+0	0.000E+0	-6.302E-3
0.000E+0	0.000E+0	-1.373E-3
0.000E+0	0.000E+0	-3.505E-3
0.000E+0	0.000E+0	-9.915E-3
0.000E+0	0.000E+0	-1.595E-3
0.000E+0	0.000E+0	-5.981E-3
0.000E+0	0.000E+0	-2.830E-3
0.000E+0	0.000E+0	8.905E-4
0.000E+0	0.000E+0	1.085E-2
0.000E+0	0.000E+0	-7.042E-3
0.000E+0	0.000E+0	8.131E-4
0.000E+0	0.000E+0	-4.806E-3
0.000E+0	0.000E+0	3.315E-3
0.000E+0	0.000E+0	-3.282E-3
0.000E+0	0.000E+0	4.811E-3
0.000E+0	0.000E+0	1.040E-2
0.000E+0	0.000E+0	-6.725E-3
0.000E+0	0.000E+0	-8.547E-3
0.000E+0	0.000E+0	1.363E-3
0.000E+0	0.000E+0	-3.928E-3
0.000E+0	0.000E+0	3.455E-3
0.000E+0	0.000E+0	-3.025E-3
0.000E+0	0.000E+0	-1.117E-2
0.000E+0	0.000E+0	-1.928E-3
0.000E+0	0.000E+0	-8.416E-3
0.000E+0	0.000E+0	-3.432E-3
0.000E+0	0.000E+0	-6.066E-3
0.000E+0	0.000E+0	3.678E-3
0.000E+0	0.000E+0	-4.009E-3
0.000E+0	0.000E+0	-5.259E-3
0.000E+0	0.000E+0	1.235E-2
0.000E+0	0.000E+0	6.635E-3
0.000E+0	0.000E+0	3.465E-3
0.000E+0	0.000E+0	4.263E-3
0.000E+0	0.000E+0	-8.878E-3
0.000E+0	0.000E+0	1.856E-2
0.000E+0	0.000E+0	2.247E-3
0.000E+0	0.000E+0	6.063E-3
0.000E+0	0.000E+0	-2.216E-3
0.000E+0	0.000E+0	8.520E-3
0.000E+0	0.000E+0	5.316E-3
0.000E+0	0.000E+0	1.952E-3
0.000E+0	0.000E+0	8.353E-3
0.000E+0	0.000E+0	2.827E-3
0.000E+0	0.000E+0	1.029E-2
0.000E+0	0.000E+0	5.452E-3
0.000E+0	0.000E+0	-3.243E-3
0.000E+0	0.000E+0	-1.875E-2
0.000E+0	0.000E+0	-8.279E-4
0.000E+0	0.000E+0	8.791E-4
0.000E+0	0.000E+0	5.780E-3
0.000E+0	0.000E+0	1.371E-2
0.000E+0	0.000E+0	2.368E-3
0.000E+0	0.000E+0	-2.193E-2
0.000E+0	0.000E+0	-7.244E-3
0.000E+0	0.000E+0	-5.477E-4
0.000E+0	0.000E+0	-1.743E-2
0.000E+0	0.000E+0	-3.007E-4
0.000E+0	0.000E+0	-1.011E-2
0.000E+0	0.000E+0	1.000E-2
0.000E+0	0.000E+0	-1.673E-3
0.000E+0	0.000E+0	8.144E-4
0.000E+0	0.000E+0	-2.350E-3
0.000E+0	0.000E+0	-1.619E-2
0.000E+0	0.000E+0	-4.060E-3
0.000E+0	0.000E+0	-7.789E-3
0.000E+0	0.000E+0	-2.060E-2
0.000E+0	0.000E+0	-1.751E-2
0.000E+0	0.000E+0	5.993E-3
0.000E+0	0.000E+0	4.861E-3
0.000E+0	0.000E+0	6.447E-3
0.000E+0	0.000E+0	9.835E-3
0.000E+0	0.000E+0	1.476E-3
0.000E+0	0.000E+0	2.856E-3
0.000E+0	0.000E+0	6.524E-3
0.000E+0	0.000E+0	1.007E-2
0.000E+0	0.000E+0	8.714E-3
0.000E+0	0.000E+0	2.146E-3
0.000E+0	0.000E+0	5.380E-5
0.000E+0	0.000E+0	1.408E-2
0.000E+0	0.000E+0	2.380E-3
0.000E+0	0.000E+0	1.568E-2
0.000E+0	0.000E+0	-1.846E-2
0.000E+0	0.000E+0	-1.712E-2
0.000E+0	0.000E+0	6.314E-3
0.000E+0	0.000E+0	7.444E-3
0.000E+0	0.000E+0	5.529E-3
0.000E+0	0.000E+0	-8.328E-4
0.000E+0	0.000E+0	-5.351E-3
0.000E+0	0.000E+0	-6.721E-3
0.000E+0	0.000E+0	-5.293E-3
0.000E+0	0.000E+0	-1.811E-3
0.000E+0	0.000E+0	-3.131E-3
0.000E+0	0.000E+0	5.038E-3
0.000E+0	0.000E+0	-3.453E-4
0.000E+0	0.000E+0	-9.382E-3
0.000E+0	0.000E+0	-4.312E-3
0.000E+0	0.000E+0	-9.576E-3
0.000E+0	0.000E+0	-1.184E-4
0.000E+0	0.000E+0	-2.005E-2
0.000E+0	0.000E+0	-3.546E-3
0.000E+0	0.000E+0	-2.121E-3
0.000E+0	0.000E+0	-1.381E-2
0.000E+0	0.000E+0	1.356E-3
0.000E+0	0.000E+0	1.460E-2
0.000E+0	0.000E+0	1.035E-2
0.000E+0	0.000E+0	-1.096E-2
0.000E+0	0.000E+0	-1.337E-2
0.000E+0	0.000E+0	8.128E-3
0.000E+0	0.000E+0	6.704E-3
0.000E+0	0.000E+0	3.809E-3
0.000E+0	0.000E+0	1.526E-2
0.000E+0	0.000E+0	1.903E-2
0.000E+0	0.000E+0	4.403E-3
0.000E+0	0.000E+0	-1.129E-2
0.000E+0	0.000E+0	-1.390E-2
0.000E+0	0.000E+0	-1.181E-2
0.000E+0	0.000E+0	5.505E-3
0.000E+0	0.000E+0	-1.091E-2
0.000E+0	0.000E+0	-5.334E-3
0.000E+0	0.000E+0	1.137E-2
0.000E+0	0.000E+0	1.615E-2
0.000E+0	0.000E+0	4.025E-3
0.000E+0	0.000E+0	1.115E-2
0.000E+0	0.000E+0	-1.219E-2
0.000E+0	0.000E+0	1.233E-2
0.000E+0	0.000E+0	-2.025E-3
0.000E+0	0.000E+0	7.487E-3
0.000E+0	0.000E+0	1.906E-2
0.000E+0	0.000E+0	-1.050E-3
0.000E+0	0.000E+0	8.918E-3
0.000E+0	0.000E+0	3.738E-2
0.000E+0	0.000E+0	-1.703E-2
0.000E+0	0.000E+0	2.207E-3
0.000E+0	0.000E+0	8.418E-3
0.000E+0	0.000E+0	6.175E-3
0.000E+0	0.000E+0	1.763E-4
0.000E+0	0.000E+0	4.200E-3
0.000E+0	0.000E+0	-1.195E-2
0.000E+0	0.000E+0	-2.478E-3
0.000E+0	0.000E+0	-1.980E-2
0.000E+0	0.000E+0	5.650E-4
0.000E+0	0.000E+0	1.850E-2
0.000E+0	0.000E+0	-8.801E-3
0.000E+0	0.000E+0	3.207E-2
0.000E+0	0.000E+0	1.465E-2
0.000E+0	0.000E+0	-2.762E-2
0.000E+0	0.000E+0	1.304E-2
0.000E+0	0.000E+0	-8.536E-3
0.000E+0	0.000E+0	1.435E-2
0.000E+0	0.000E+0	3.298E-2
0.000E+0	0.000E+0	1.881E-2
0.000E+0	0.000E+0	1.678E-2
0.000E+0	0.000E+0	1.010E-3
0.000E+0	0.000E+0	-4.766E-2
0.000E+0	0.000E+0	3.942E-3
0.000E+0	0.000E+0	-3.884E-3
0.000E+0	0.000E+0	3.478E-2
0.000E+0	0.000E+0	7.408E-3
0.000E+0	0.000E+0	-2.470E-2
0.000E+0	0.000E+0	5.655E-3
0.000E+0	0.000E+0	-2.302E-3
0.000E+0	0.000E+0	-5.075E-3
0.000E+0	0.000E+0	-1.853E-2
0.000E+0	0.000E+0	7.271E-3
0.000E+0	0.000E+0	-5.891E-3
0.000E+0	0.000E+0	7.013E-4
0.000E+0	0.000E+0	-2.586E-2
0.000E+0	0.000E+0	3.426E-2
0.000E+0	0.000E+0	-2.099E-2
