0.000E+0	0.000E+0	1.288E+2	6.691E+1	-1.823E+1	-1.193E+2	-9.614E+1	1.156E+2
0.000E+0	0.000E+0	-9.519E+1	-4.806E+2	1.114E+2	2.187E+2	-1.860E+2	8.332E+0
0.000E+0	0.000E+0	-1.265E+2	-3.283E+2	1.375E+2	-2.397E+2	-3.482E+2	-2.266E+2
0.000E+0	0.000E+0	9.932E+1	3.740E+2	2.079E+2	1.243E+2	3.165E+2	2.147E+2
0.000E+0	0.000E+0	-6.830E+1	-9.323E+1	1.040E+2	-2.282E+2	-5.349E+2	1.788E+2
0.000E+0	0.000E+0	5.527E+1	-3.189E+1	4.352E+2	3.313E+2	2.221E+1	-1.721E+2
0.000E+0	0.000E+0	-8.627E+1	-2.404E+2	-3.172E+1	7.754E+1	2.169E+2	-1.299E+2
0.000E+0	0.000E+0	5.678E+1	1.299E+2	1.008E+2	2.063E+2	-2.406E+1	2.775E+1
0.000E+0	0.000E+0	1.335E+2	1.014E+2	1.229E+2	1.023E+2	-2.211E+1	2.646E+1
0.000E+0	0.000E+0	1.088E+2	-7.407E+1	-5.801E+1	7.504E+1	9.815E-1	-1.767E+2
0.000E+0	0.000E+0	1.182E+2	-2.648E+2	1.190E+1	-1.590E+2	-6.020E+1	-3.300E+2
0.000E+0	0.000E+0	1.722E+2	1.546E+2	1.125E+2	1.723E+2	-3.869E+1	-3.927E+2
0.000E+0	0.000E+0	4.206E+1	5.576E+2	-5.930E+0	1.566E+2	3.369E+2	1.332E+2
0.000E+0	0.000E+0	9.720E+1	6.349E+1	2.147E+1	1.437E+2	-2.269E+2	9.732E+1
0.000E+0	0.000E+0	-2.628E+1	-2.232E+2	-1.327E+2	-4.838E+1	1.092E+2	-1.467E+2
0.000E+0	0.000E+0	-2.900E+2	-1.585E+2	6.397E+1	8.141E+1	-1.625E+2	5.122E+1
0.000E+0	0.000E+0	2.837E+2	2.763E+2	6.019E+1	-2.170E+1	-1.185E+2	-1.836E+2
0.000E+0	0.000E+0	-1.903E+2	-2.469E+2	-2.249E+2	-2.930E+1	-1.413E+2	-3.270E+2
0.000E+0	0.000E+0	-1.481E+2	-2.393E+2	-1.574E+2	-9.237E+1	-1.119E+2	-9.351E+1
0.000E+0	0.000E+0	-7.400E+1	-1.323E+1	1.535E+2	1.637E+2	3.209E+2	1.570E+2
0.000E+0	0.000E+0	7.800E+0	1.483E+2	5.721E+1	4.655E+1	-1.065E+1	1.363E+2
0.000E+0	0.000E+0	-1.143E+2	-1.722E+2	1.178E+2	1.278E+2	-6.667E+1	1.489E+2
0.000E+0	0.000E+0	-2.458E+2	-7.763E+1	1.119E+2	-2.266E+2	1.583E+2	1.452E+2
0.000E+0	0.000E+0	2.159E+2	2.577E+2	1.091E+2	3.618E+2	-2.611E+1	1.828E+2
0.000E+0	0.000E+0	-3.597E+1	-1.126E+2	1.896E+2	1.305E+2	2.708E+2	-5.327E+1
0.000E+0	0.000E+0	3.179E+2	2.238E+2	2.455E+2	3.957E+2	-7.734E+0	2.414E+2
0.000E+0	0.000E+0	1.247E+2	-1.445E+2	2.622E+2	1.963E+2	7.618E+1	2.736E+2
0.000E+0	0.000E+0	1.489E+2	-8.706E+1	3.462E+2	2.713E+2	-5.847E+1	3.001E+2
0.000E+0	0.000E+0	2.042E+2	2.803E+2	1.167E+2	4.960E+2	7.555E+1	3.421E+1
0.000E+0	0.000E+0	3.499E+2	1.816E+2	4.343E+2	-3.202E+1	4.042E+2	3.904E+2
0.000E+0	0.000E+0	-8.354E+1	-1.050E+2	-4.056E+1	-3.452E+1	-4.443E+1	-2.370E+2
0.000E+0	0.000E+0	6.189E+1	2.840E+2	2.644E+2	1.834E+2	-2.963E+1	1.374E+2
0.000E+0	0.000E+0	3.794E+2	1.313E+2	1.551E+2	2.169E+2	1.788E+2	1.614E+2
0.000E+0	0.000E+0	-1.706E+2	-1.793E+2	-4.483E+2	-1.798E+2	-2.779E+2	-3.166E+2
0.000E+0	0.000E+0	-1.205E+2	-1.643E+2	-1.618E+2	2.266E+2	-9.870E+1	-1.916E+2
0.000E+0	0.000E+0	4.286E+2	9.227E+1	6.331E+1	1.677E+2	3.814E+2	-1.601E+2
0.000E+0	0.000E+0	-1.358E+2	-1.830E+2	-6.553E+1	-2.855E+2	2.091E+1	5.693E+1
0.000E+0	0.000E+0	-3.730E+1	-1.313E+2	-4.179E+2	-1.851E+2	-2.677E+1	-1.856E+2
0.000E+0	0.000E+0	-4.525E+2	-3.642E+2	-4.423E+2	-3.507E+2	-3.609E+2	-1.611E+2
0.000E+0	0.000E+0	-4.049E+2	3.991E+2	3.498E+1	-5.353E+1	4.347E+2	8.574E+1
0.000E+0	0.000E+0	-5.858E+1	-1.730E+2	-2.107E+2	1.599E+1	-2.657E+2	-2.455E+0
0.000E+0	0.000E+0	-2.211E+2	-7.273E+1	-1.100E+2	-2.498E+2	2.385E+2	1.174E+2
0.000E+0	0.000E+0	-1.020E+2	-1.610E+2	2.544E+2	-8.359E+1	-2.188E+2	-5.283E+1
0.000E+0	0.000E+0	4.136E+2	3.535E+2	2.177E+2	1.653E+2	5.535E+2	4.652E+2
0.000E+0	0.000E+0	-3.952E+1	1.655E+2	7.000E+1	-3.163E+1	1.730E+2	6.601E+1
0.000E+0	0.000E+0	-1.586E+1	-4.950E+2	-1.445E+2	-2.174E+1	5.690E+1	-3.307E+1
0.000E+0	0.000E+0	2.979E+2	2.696E+2	-2.181E+1	2.379E+2	-4.756E+1	6.165E+1
0.000E+0	0.000E+0	3.633E+2	7.849E+1	1.278E+2	2.950E+1	3.728E+2	4.693E+1
0.000E+0	0.000E+0	9.198E+1	9.768E+1	-7.590E-2	1.283E+2	-1.302E+2	5.565E+1
0.000E+0	0.000E+0	1.850E+2	2.109E+2	2.525E+0	5.305E+1	2.356E+2	-1.353E+2
0.000E+0	0.000E+0	-4.139E+2	-2.612E+2	-2.645E+2	1.461E+1	-1.363E+2	-1.703E+1
0.000E+0	0.000E+0	-6.176E+1	-3.862E+2	-3.586E+2	-8.628E+1	-4.275E+2	-5.495E+2
0.000E+0	0.000E+0	1.853E+2	1.657E+2	-3.925E+1	-1.425E+2	3.253E+2	-8.802E+1
0.000E+0	0.000E+0	-1.101E+2	-1.276E+2	-4.953E+1	-2.845E+1	3.196E+1	2.094E+2
0.000E+0	0.000E+0	2.526E+2	1.708E+2	-2.370E+1	1.754E+1	7.191E+1	-4.735E+1
0.000E+0	0.000E+0	1.021E+2	-1.102E+2	9.727E+1	7.544E+1	-6.079E+1	2.193E+0
0.000E+0	0.000E+0	3.847E+2	2.741E+2	4.389E+2	1.162E+2	3.673E+2	2.309E+2
0.000E+0	0.000E+0	-1.756E+2	1.864E+2	-3.857E+2	-2.300E+2	-2.984E+2	6.422E+1
0.000E+0	0.000E+0	1.848E+2	3.162E+2	2.911E+2	2.492E+2	2.224E+2	1.508E+2
0.000E+0	0.000E+0	3.666E+1	-1.889E+2	-1.721E+2	-2.520E+2	-1.145E+2	1.035E+2
0.000E+0	0.000E+0	3.092E+2	-7.220E+1	-5.374E+1	5.355E+1	4.569E+1	-1.251E+2
0.000E+0	0.000E+0	2.734E+2	1.665E+2	4.926E+2	6.012E+1	3.368E+2	1.259E+2
0.000E+0	0.000E+0	5.243E+1	-3.631E+2	-4.895E+2	-6.892E+1	1.804E+2	1.887E+2
0.000E+0	0.000E+0	-5.171E+1	1.746E+2	-6.578E+0	-6.886E+1	2.053E+2	-8.997E+1
0.000E+0	0.000E+0	7.526E+1	2.860E+1	-2.977E+2	-2.878E+2	-2.937E+2	7.652E+1
0.000E+0	0.000E+0	-3.762E+1	1.177E+2	-2.277E+2	-6.129E+1	-1.579E+2	-2.398E+2
0.000E+0	0.000E+0	3.018E+2	4.176E+2	4.861E+2	3.390E+2	3.731E+2	3.685E+2
0.000E+0	0.000E+0	3.191E+2	4.069E+2	9.679E+1	2.707E+2	3.313E+2	3.794E+2
0.000E+0	0.000E+0	-1.511E+2	-1.644E+2	-1.631E+2	-8.271E+1	1.229E+1	-4.171E+2
0.000E+0	0.000E+0	2.071E+1	4.845E+1	9.829E+1	2.035E+2	2.736E+2	2.601E+2
0.000E+0	0.000E+0	9.528E+1	1.364E+2	8.221E+0	8.284E+1	3.182E+2	4.634E+1
0.000E+0	0.000E+0	7.088E+1	1.723E+2	3.307E+2	3.323E+2	1.988E+2	3.255E+2
0.000E+0	0.000E+0	3.034E+2	6.084E+1	2.989E+2	-9.199E+1	3.631E+2	1.336E+2
0.000E+0	0.000E+0	7.113E+1	2.856E+2	1.907E+2	-1.689E+2	-7.550E+1	-2.988E+2
0.000E+0	0.000E+0	-1.312E+1	8.700E+1	-1.420E+1	7.649E+1	-5.615E+1	1.670E+2
0.000E+0	0.000E+0	1.682E+2	1.683E+2	8.122E+1	1.708E+1	6.960E+1	2.076E+2
0.000E+0	0.000E+0	2.335E+2	2.184E+2	-1.842E+2	8.403E+1	5.004E+1	-6.043E+1
0.000E+0	0.000E+0	-1.355E+2	6.590E+1	6.990E+0	7.930E+1	3.938E+1	7.719E+0
0.000E+0	0.000E+0	-1.217E+2	1.077E+2	-2.388E+2	7.836E+1	-4.718E+2	-4.545E+1
0.000E+0	0.000E+0	-3.251E+1	-2.231E+1	-6.324E-1	1.248E+2	1.624E+2	-1.512E+2
0.000E+0	0.000E+0	3.219E+2	1.181E+2	1.214E+2	4.283E+2	1.469E+2	1.469E+2
0.000E+0	0.000E+0	-2.034E+2	-2.801E+2	-2.177E+2	-3.960E+2	-3.666E+2	-3.537E+2
0.000E+0	0.000E+0	2.258E+1	2.988E+2	2.899E+2	5.575E+2	3.764E+2	1.291E+2
0.000E+0	0.000E+0	5.898E+1	3.480E+2	-2.584E+0	1.185E+2	2.189E+2	2.200E+2
0.000E+0	0.000E+0	-1.961E+2	1.157E+2	-1.960E-1	1.530E+2	-3.044E+2	4.638E+1
0.000E+0	0.000E+0	-1.505E+2	-1.062E+2	-1.940E+2	-2.287E+1	6.555E+1	1.749E+2
0.000E+0	0.000E+0	-1.720E+2	-2.026E+2	9.395E+1	-2.042E+2	-8.175E+0	1.515E+2
0.000E+0	0.000E+0	1.337E+1	-3.117E+2	2.177E+2	-9.443E+1	-2.080E+2	1.147E+2
0.000E+0	0.000E+0	7.497E+1	3.947E+2	4.913E+2	1.906E+2	1.440E+2	8.218E+1
0.000E+0	0.000E+0	-6.029E+2	4.366E+0	-5.262E+2	-2.111E+2	-3.664E+2	-1.418E+2
0.000E+0	0.000E+0	-6.575E+1	3.800E+1	-1.239E+2	-1.520E+2	-1.563E+2	1.112E+2
0.000E+0	0.000E+0	-9.607E+1	-2.992E+2	-2.849E+2	-1.887E+2	-3.406E+2	-1.408E+2
0.000E+0	0.000E+0	9.630E+0	2.621E+2	-8.801E+1	1.735E+2	-1.716E+2	-2.400E+2
0.000E+0	0.000E+0	1.266E+2	2.049E+2	4.343E+2	3.765E+2	1.589E+2	9.974E+1
0.000E+0	0.000E+0	9.540E+1	-1.198E+2	-3.126E+2	2.816E+1	3.137E+1	1.055E+2
0.000E+0	0.000E+0	-4.638E+2	-1.595E+2	-2.506E+2	-3.733E+2	-7.027E+1	-1.521E+2
0.000E+0	0.000E+0	3.801E+2	1.974E+2	-9.284E+1	2.017E+2	3.456E+2	1.924E+2
0.000E+0	0.000E+0	1.646E+2	8.589E+0	-6.348E+1	-2.030E+2	9.684E+1	-1.629E+1
0.000E+0	0.000E+0	7.960E+1	-7.153E+0	-4.615E+1	-8.857E+1	9.521E+1	6.486E+0
0.000E+0	0.000E+0	1.347E+2	-1.868E+2	2.683E+2	-1.392E+2	1.446E+2	-8.822E+1
0.000E+0	0.000E+0	-7.251E+1	-4.007E+1	-1.297E+2	-8.602E+1	-5.992E+2	-2.834E+2
0.000E+0	0.000E+0	-2.021E+2	-9.319E+1	1.218E+2	-8.219E+1	4.257E+1	5.780E+1
0.000E+0	0.000E+0	2.066E+1	2.395E+2	-6.746E+1	1.256E+1	8.905E+0	1.549E+2
0.000E+0	0.000E+0	-8.829E+1	-2.435E+2	5.956E+1	-9.123E+1	7.922E+1	-1.836E+2
0.000E+0	0.000E+0	-1.385E+1	-3.619E+2	-2.630E+2	2.015E+1	1.256E+2	-3.399E+2
0.000E+0	0.000E+0	-1.844E+2	-2.661E+2	4.496E+1	-1.273E+2	-1.931E+2	1.835E+1
0.000E+0	0.000E+0	1.113E+2	1.190E+2	3.739E+2	1.413E+2	-1.648E+1	1.592E+2
0.000E+0	0.000E+0	5.553E+1	-1.015E+1	-1.612E+2	-1.282E+2	6.206E+1	1.200E+2
0.000E+0	0.000E+0	1.851E+2	-3.119E+2	-1.513E+2	4.563E+1	-1.196E+2	1.118E+2
0.000E+0	0.000E+0	1.581E+2	-4.370E+2	-1.650E+2	-2.960E+1	-4.937E+1	-9.711E+0
0.000E+0	0.000E+0	-8.934E+0	-1.133E+1	1.028E+2	5.941E+0	-1.210E+2	-1.651E+2
0.000E+0	0.000E+0	-1.830E+1	5.322E+1	-1.136E+2	5.054E+1	-1.688E+0	9.553E+1
0.000E+0	0.000E+0	-2.858E+2	-1.203E+1	-3.252E+2	-5.785E+2	-2.633E+2	-9.411E+1
0.000E+0	0.000E+0	1.340E+2	-1.119E+2	1.563E+1	1.804E+2	-1.322E+2	-3.192E+2
0.000E+0	0.000E+0	1.331E+2	2.853E+2	5.879E+1	1.632E+2	1.526E+2	-1.402E+2
0.000E+0	0.000E+0	2.509E+2	2.163E+2	8.602E+1	1.705E+1	-2.417E+2	1.129E+2
0.000E+0	0.000E+0	4.480E+1	2.343E+2	2.362E+2	1.379E+2	2.121E+2	1.065E+2
0.000E+0	0.000E+0	2.172E+2	2.071E+2	2.601E+2	4.753E+2	3.200E+2	1.811E+2
0.000E+0	0.000E+0	4.074E+1	1.321E+2	1.585E+2	6.100E+0	-4.367E+1	-8.824E+1
0.000E+0	0.000E+0	1.444E+2	9.472E+1	2.764E+2	1.533E+2	1.036E+2	-1.239E+2
0.000E+0	0.000E+0	3.799E+2	1.174E+1	-1.097E+2	-2.458E+1	6.139E+2	-6.727E+1
0.000E+0	0.000E+0	1.701E+2	-4.746E+1	3.819E+0	1.883E+2	1.584E+2	-1.674E+2
0.000E+0	0.000E+0	-3.333E+0	-1.153E+2	1.041E+2	-6.984E+1	-1.439E+2	-2.765E+2
0.000E+0	0.000E+0	2.010E+2	1.641E+2	1.012E+2	1.767E+2	7.415E+1	7.649E+1
0.000E+0	0.000E+0	6.912E+1	-3.162E+1	3.211E+1	-1.802E+2	1.533E+2	-4.637E+2
0.000E+0	0.000E+0	-4.682E+0	-1.594E+2	-1.141E+2	3.028E+2	3.113E+0	2.630E+2
0.000E+0	0.000E+0	-3.018E+2	-9.577E+1	-3.297E+2	-2.411E+2	-2.547E+2	1.711E+2
0.000E+0	0.000E+0	-2.833E+2	-6.008E+1	-2.471E+2	-3.546E+2	-1.406E+2	1.048E+2
0.000E+0	0.000E+0	-1.576E+2	-1.831E+2	-2.138E+2	-2.420E+1	-8.547E+1	-1.549E+2
0.000E+0	0.000E+0	1.071E+2	5.419E+1	-9.146E+1	-3.703E+2	-7.218E+1	-4.936E+1
0.000E+0	0.000E+0	3.620E+2	4.447E+1	-1.454E+2	3.024E+2	1.012E+0	8.616E+1
0.000E+0	0.000E+0	-1.630E+2	-7.101E+1	2.368E+2	-4.833E+2	-1.633E+2	1.417E+2
0.000E+0	0.000E+0	-1.108E+2	-2.838E+2	-4.897E+1	-8.239E+0	-2.114E+2	-3.019E+2
0.000E+0	0.000E+0	2.422E+2	1.875E+2	1.386E+2	1.412E+1	2.089E+2	2.374E+2
0.000E+0	0.000E+0	-2.224E+2	-7.738E+1	-1.098E+2	8.290E+1	1.715E+2	8.426E+1
0.000E+0	0.000E+0	1.044E+2	2.576E+2	3.717E+2	1.301E+2	4.799E+2	6.508E+2
0.000E+0	0.000E+0	-3.369E+1	-3.871E+2	-8.312E+1	-2.759E+2	7.443E+1	1.572E+1
0.000E+0	0.000E+0	-1.300E+1	-9.006E+1	-2.474E+2	-9.742E-1	-1.996E+2	-3.018E+2
0.000E+0	0.000E+0	7.472E+1	-2.285E+2	-3.267E+2	-1.369E+2	-1.709E+2	-1.019E+2
0.000E+0	0.000E+0	2.045E+2	3.800E+1	3.447E+2	9.290E+1	-4.789E+1	-1.596E+1
0.000E+0	0.000E+0	2.747E+2	4.491E+2	1.510E+2	4.828E+2	-4.431E+1	3.707E+2
0.000E+0	0.000E+0	-4.109E+2	-2.815E+2	-5.082E+2	-2.642E+2	-4.195E+2	-2.951E+2
0.000E+0	0.000E+0	-1.627E+2	-1.490E+2	-1.861E+2	-2.664E+2	4.345E+1	-1.373E+2
0.000E+0	0.000E+0	-1.392E+2	-1.270E+2	-1.910E+2	1.724E+2	-4.187E+2	-7.281E+1
0.000E+0	0.000E+0	-1.471E+2	5.232E+1	3.056E+2	2.953E+2	2.762E+2	-2.864E+1
0.000E+0	0.000E+0	-1.545E+2	-3.470E+2	-2.123E+2	-1.561E+2	-2.286E+2	-5.228E+2
0.000E+0	0.000E+0	-2.330E+2	-1.272E+2	7.722E+1	7.621E+1	-3.994E+1	-1.089E+2
0.000E+0	0.000E+0	1.321E+2	-1.673E+2	-1.451E+2	1.280E+2	-4.728E+2	-4.412E+1
0.000E+0	0.000E+0	4.109E+1	-6.325E+1	2.479E+2	8.757E+1	8.117E+1	1.495E+2
0.000E+0	0.000E+0	5.240E+2	3.476E+2	3.562E+2	7.304E+2	4.000E+2	2.016E+2
0.000E+0	0.000E+0	-4.585E+2	-2.721E+1	-2.913E+2	-3.260E+2	-1.227E+2	-3.623E+2
0.000E+0	0.000E+0	7.850E+1	8.878E+1	-1.027E+2	-2.287E+1	5.084E+1	-3.905E+1
0.000E+0	0.000E+0	-7.138E+1	-1.796E+2	-4.009E+2	-2.814E+2	-1.207E+2	-2.429E+2
0.000E+0	0.000E+0	4.962E+1	3.000E+1	-5.970E+1	1.055E+2	-3.453E+1	-1.999E+2
0.000E+0	0.000E+0	-4.409E+2	-3.774E+2	-2.705E+2	-3.459E+2	-4.762E+2	-2.330E+2
0.000E+0	0.000E+0	-2.409E+2	-8.508E+1	4.014E+1	7.748E+1	-3.016E+2	1.879E+1
0.000E+0	0.000E+0	-2.909E+2	3.616E+2	-1.185E+2	3.655E+1	-2.458E+1	1.747E+2
0.000E+0	0.000E+0	3.026E+2	2.757E+2	1.975E+1	2.223E+2	1.595E+2	3.771E+2
0.000E+0	0.000E+0	1.596E+2	2.269E+2	1.807E+2	2.115E+2	4.223E+1	2.453E+2
0.000E+0	0.000E+0	-1.941E+2	1.314E+2	-8.815E+1	1.487E+1	-4.948E+1	-8.107E+1
0.000E+0	0.000E+0	-7.630E+1	6.224E+1	-2.889E+2	5.539E+0	-1.766E+2	-3.220E+2
0.000E+0	0.000E+0	1.864E+1	5.701E+1	1.753E+2	1.278E+2	3.286E+2	1.280E+2
0.000E+0	0.000E+0	4.353E+1	5.327E+1	-9.508E+1	6.302E+1	-2.164E+2	7.820E+1
0.000E+0	0.000E+0	3.802E+2	-7.568E+1	-2.457E+2	2.068E+1	3.137E+2	-1.105E+2
0.000E+0	0.000E+0	2.279E+2	-9.995E+1	3.718E+2	3.973E+2	1.655E+2	3.322E+2
0.000E+0	0.000E+0	9.607E+1	4.818E+1	1.882E+2	-3.039E+2	-6.953E+0	-1.515E+2
0.000E+0	0.000E+0	1.367E+2	-6.024E+1	6.800E+1	1.015E+2	1.329E+2	-1.361E+2
0.000E+0	0.000E+0	-1.190E+2	3.503E+2	2.223E+2	2.238E+2	1.947E+2	-4.106E+1
0.000E+0	0.000E+0	-1.039E+2	2.107E+1	8.715E+1	-8.418E+1	-1.870E+2	1.532E+2
0.000E+0	0.000E+0	-1.553E+2	-7.615E+1	-1.300E+2	1.766E+1	-1.884E+2	6.500E+1
0.000E+0	0.000E+0	4.257E+2	2.410E+2	3.276E+2	4.285E+2	2.641E+2	6.856E+2
0.000E+0	0.000E+0	-3.480E+1	-3.249E+1	2.060E+2	1.233E+2	-1.786E+2	7.582E+1
0.000E+0	0.000E+0	-4.232E+1	1.128E+2	1.036E+2	2.448E+1	2.611E+2	9.538E+1
0.000E+0	0.000E+0	-1.158E+2	-6.799E+2	-4.926E+2	-3.206E+2	-7.885E+2	-2.537E+2
0.000E+0	0.000E+0	1.044E+2	2.505E+0	-5.224E+1	-3.706E+1	-7.303E+1	-1.840E+2
0.000E+0	0.000E+0	1.035E+2	-1.587E+2	-1.236E+2	-2.068E+1	-4.576E+1	-2.584E+2
0.000E+0	0.000E+0	4.189E+2	2.343E+2	2.906E+2	2.851E+2	1.509E+2	2.739E+2
0.000E+0	0.000E+0	-1.483E+2	1.194E+2	5.893E+1	1.003E+1	-3.813E+1	9.472E+1
0.000E+0	0.000E+0	3.594E+2	-7.895E+1	1.064E+2	-4.288E+1	1.552E+2	2.279E+2
0.000E+0	0.000E+0	9.755E+0	8.498E+1	-9.018E+1	2.322E+2	1.495E+2	4.689E+1
0.000E+0	0.000E+0	-4.555E+2	-5.725E+2	-3.167E+2	-3.732E+2	-3.426E+2	-6.086E+1
0.000E+0	0.000E+0	6.518E+1	-8.501E+1	9.698E+1	1.421E+1	-2.180E+2	2.181E+1
0.000E+0	0.000E+0	-7.753E+1	3.122E+2	1.899E+2	-2.105E+2	-1.281E+2	6.549E+1
0.000E+0	0.000E+0	-1.438E+1	2.774E+1	-4.548E+1	4.150E+2	9.589E+1	2.511E+2
0.000E+0	0.000E+0	-4.673E+1	-1.923E+2	-1.510E+2	1.437E+2	-1.622E+2	-8.660E+1
0.000E+0	0.000E+0	-1.539E+2	5.581E+0	-2.513E+1	-4.771E+1	-8.651E+1	2.132E+2
0.000E+0	0.000E+0	2.396E+2	2.797E+2	1.624E+2	2.766E+2	1.143E+2	-1.617E+2
0.000E+0	0.000E+0	9.293E+1	1.669E+2	1.132E+2	2.609E+1	-3.077E+1	-1.853E+1
0.000E+0	0.000E+0	-2.305E+2	-3.400E+2	-1.826E+2	-1.728E+2	-3.456E+2	-2.893E+2
0.000E+0	0.000E+0	1.004E+2	2.771E+2	1.900E+2	1.176E+2	3.106E+2	-2.351E+1
0.000E+0	0.000E+0	-2.309E+2	6.091E+1	2.083E+2	1.694E+2	6.983E+0	-2.743E+2
0.000E+0	0.000E+0	1.779E+2	-2.718E+2	-1.504E+2	-2.386E+2	1.245E+1	-6.433E+1
0.000E+0	0.000E+0	1.145E+2	-1.822E+1	5.285E+1	-7.911E+1	-7.370E+1	2.360E+2
0.000E+0	0.000E+0	-6.072E+1	-1.078E+1	6.787E+1	-1.321E+2	1.337E+2	-1.714E+2
0.000E+0	0.000E+0	-3.249E+2	-2.766E+2	-3.208E+2	-3.054E+2	-1.723E+2	6.401E+1
0.000E+0	0.000E+0	8.694E+1	3.063E+2	4.498E+2	3.252E+2	2.406E+2	3.059E+2
0.000E+0	0.000E+0	1.080E+2	-9.946E+1	-1.577E+2	3.835E+2	1.198E+2	2.687E+2
0.000E+0	0.000E+0	-3.824E+1	1.766E+2	1.609E+1	8.520E+1	1.403E+2	5.535E+1
0.000E+0	0.000E+0	-3.931E+1	-2.480E+2	-1.030E+2	-3.522E+1	-1.713E+2	-2.348E+2
0.000E+0	0.000E+0	-1.172E+2	-3.400E+2	-1.727E+2	-7.918E+1	-4.431E+2	1.580E+1
0.000E+0	0.000E+0	1.534E+2	-2.029E+1	-1.625E+2	2.489E+2	-1.258E+2	2.930E+0
0.000E+0	0.000E+0	7.395E+1	1.597E+2	-7.716E+1	-9.279E+1	-7.406E+1	-1.491E+2
0.000E+0	0.000E+0	2.565E+2	6.058E+1	-1.259E+2	-6.673E+1	3.373E+0	1.914E+2
0.000E+0	0.000E+0	2.162E+2	5.087E+1	-5.850E+1	3.039E+1	-4.754E+1	5.053E+1
0.000E+0	0.000E+0	-4.248E+1	5.412E+0	-2.282E+2	1.186E+2	1.841E+2	-4.787E+1
0.000E+0	0.000E+0	6.375E+1	-1.745E+2	1.271E+2	-2.532E+2	4.860E+1	-2.319E+2
0.000E+0	0.000E+0	-1.025E+2	-9.023E+1	-7.543E+1	-6.670E+1	-1.995E+2	-1.174E+2
0.000E+0	0.000E+0	-5.900E+1	2.013E+2	5.977E+0	-1.009E+2	-1.154E+2	9.354E+1
0.000E+0	0.000E+0	1.175E+2	-1.268E+2	-1.776E+2	6.582E+1	-5.285E+1	-2.094E+1
0.000E+0	0.000E+0	-2.904E+2	-5.998E+1	-3.025E+2	-5.460E+1	-2.287E+2	-3.189E+2
0.000E+0	0.000E+0	-9.947E+1	1.743E+2	-8.902E+1	-2.064E+2	-1.687E+2	2.696E+1
0.000E+0	0.000E+0	-1.354E+2	-8.703E+1	4.131E+2	6.377E+0	2.078E+2	3.843E+2
0.000E+0	0.000E+0	2.422E+2	6.978E+1	1.413E+2	2.202E+2	2.802E+2	3.595E+2
0.000E+0	0.000E+0	-2.300E+2	1.168E+2	9.966E+1	-3.491E+1	9.336E+1	-9.689E+1
0.000E+0	0.000E+0	9.249E+1	-6.188E+1	-5.426E+1	-1.012E+1	1.369E+2	-4.909E+1
0.000E+0	0.000E+0	1.226E+2	8.606E+1	3.216E+1	-4.042E+1	1.408E+2	2.882E+2
0.000E+0	0.000E+0	-7.680E+1	-1.980E+0	-5.740E+1	9.767E+1	1.125E+2	-4.203E+1
0.000E+0	0.000E+0	8.293E+1	1.375E+2	-1.019E+2	-1.072E+2	-3.508E+1	1.458E+2
0.000E+0	0.000E+0	1.098E+2	4.907E+2	1.060E+2	2.343E+2	3.200E+2	2.519E+2
0.000E+0	0.000E+0	-2.134E+2	-4.925E+1	-1.124E+2	-5.649E+1	-1.588E+2	-8.734E+1
0.000E+0	0.000E+0	-2.780E+2	-9.355E+1	8.050E+0	-2.122E+2	-2.213E+2	-1.159E+1
0.000E+0	0.000E+0	-2.976E+1	-3.432E+1	-1.437E+2	2.199E+1	1.231E+2	1.980E+2
0.000E+0	0.000E+0	-3.811E+2	-5.285E+2	-2.387E+2	-7.560E+2	-2.088E+2	-5.615E+2
0.000E+0	0.000E+0	-1.847E+2	-1.895E+2	-1.073E+2	4.118E+1	-2.567E+2	-1.579E+2
0.000E+0	0.000E+0	-8.341E+1	2.412E+1	-1.330E+2	9.214E+1	1.322E+2	1.367E+2
0.000E+0	0.000E+0	1.097E+2	-1.700E+2	4.015E+1	-2.015E+2	1.131E+2	3.062E+2
0.000E+0	0.000E+0	-2.697E+2	5.246E+1	3.337E+2	-8.455E+1	-1.418E+2	2.117E+1
0.000E+0	0.000E+0	2.541E+2	-5.547E+1	1.074E+2	3.116E+2	2.667E+2	6.568E+1
0.000E+0	0.000E+0	-2.811E+2	-1.342E+2	-3.829E+1	-2.834E+2	-2.071E+2	-3.452E+2
0.000E+0	0.000E+0	-9.864E+1	1.108E+2	-8.058E+1	3.864E+0	-1.918E+2	-9.473E+1
0.000E+0	0.000E+0	5.959E+1	-1.922E+2	1.297E+2	2.242E+2	-8.302E+1	1.492E+2
0.000E+0	0.000E+0	8.200E+1	1.468E+2	2.499E+2	1.950E+2	1.478E+2	2.886E+2
0.000E+0	0.000E+0	3.970E+1	9.351E+1	-1.221E+2	1.040E+2	4.437E+1	-4.490E+1
0.000E+0	0.000E+0	6.524E+1	-1.549E+2	6.240E+0	2.074E+2	8.511E+1	-7.488E+1
0.000E+0	0.000E+0	-4.009E+2	3.664E+0	-3.434E+1	-3.046E+2	4.712E+0	-2.416E+2
0.000E+0	0.000E+0	-1.915E+2	-4.495E+2	-1.876E+1	6.782E+1	-5.312E+1	-1.398E+1
0.000E+0	0.000E+0	-2.452E+2	-3.270E+2	-1.083E+2	-1.611E+2	-2.339E+2	-3.366E+2
0.000E+0	0.000E+0	2.599E+1	6.081E+1	1.348E+2	7.831E+1	-5.233E+1	2.601E+1
0.000E+0	0.000E+0	1.015E+2	-8.013E+1	-4.999E+1	-1.871E+2	1.808E+2	-2.466E+2
0.000E+0	0.000E+0	-8.008E+1	4.834E+1	-5.926E+1	1.475E+2	1.825E+2	3.967E+2
0.000E+0	0.000E+0	1.812E+2	-2.271E+2	1.073E+2	-1.563E+1	1.571E+2	1.809E+2
0.000E+0	0.000E+0	-1.629E+2	4.851E+1	2.311E-1	-2.086E+2	2.004E+1	1.063E+2
0.000E+0	0.000E+0	-1.594E+2	-9.237E+0	-1.115E+2	1.270E+2	1.098E+2	-8.681E+1
0.000E+0	0.000E+0	2.009E+2	-1.910E+2	-1.137E+1	-3.538E+1	-8.119E+1	-1.317E+2
0.000E+0	0.000E+0	2.311E+0	-3.709E+1	-5.543E+0	-1.048E+1	-2.398E+2	-6.449E+1
0.000E+0	0.000E+0	9.910E+1	2.361E+2	7.119E+1	6.144E+1	1.603E+2	1.745E+2
0.000E+0	0.000E+0	4.743E+1	-1.355E+2	-9.211E+1	5.787E+1	1.799E+2	1.976E+2
0.000E+0	0.000E+0	2.195E+2	-7.201E+1	2.131E+1	2.159E+2	-5.112E+1	-1.239E+2
0.000E+0	0.000E+0	-1.256E+2	8.243E+1	-8.790E+1	1.493E+2	6.501E+1	2.380E+2
0.000E+0	0.000E+0	5.288E+2	1.396E+2	1.505E+2	1.703E+2	-2.007E+2	1.318E+2
0.000E+0	0.000E+0	-1.500E+2	2.003E+2	4.649E+1	-3.034E+2	8.611E+1	-7.940E+0
0.000E+0	0.000E+0	7.147E+1	-1.261E+2	-3.196E+1	1.165E+1	4.008E+1	3.812E+2
0.000E+0	0.000E+0	2.660E+2	2.762E+2	-2.685E+2	-4.552E+1	3.986E+1	1.448E+2
0.000E+0	0.000E+0	-2.402E+2	-1.143E+2	-6.946E+1	-4.904E+1	-4.542E+1	-3.814E+2
0.000E+0	0.000E+0	1.095E+2	1.063E+2	-1.590E+1	1.294E+2	-1.737E+1	2.446E+2
0.000E+0	0.000E+0	2.988E+1	-1.718E+2	4.214E+1	-9.393E+1	-6.183E+1	-1.681E+2
0.000E+0	0.000E+0	3.692E+1	2.277E+2	-2.409E+1	-1.871E+2	-1.139E+2	8.069E+0
0.000E+0	0.000E+0	-2.358E+1	2.121E+2	2.522E+2	1.940E+2	3.193E+2	3.219E+2
0.000E+0	0.000E+0	-1.814E+2	-1.438E+2	-2.093E+2	-6.979E+1	-2.252E+2	-1.012E+2
0.000E+0	0.000E+0	-2.155E+1	7.896E+1	-1.653E+2	-1.081E+2	-4.150E+1	1.086E+2
0.000E+0	0.000E+0	2.246E+2	5.563E+1	1.759E+2	3.629E+2	4.316E+1	4.811E+1
0.000E+0	0.000E+0	1.440E+2	1.816E+2	-2.350E+2	-3.106E+2	-9.759E+1	-9.367E+1
0.000E+0	0.000E+0	3.165E+1	1.953E+2	3.515E+1	3.500E+1	5.061E+1	1.539E+2
0.000E+0	0.000E+0	-6.947E+1	6.223E+1	-2.906E+2	-1.021E+2	2.145E+2	3.397E+2
0.000E+0	0.000E+0	1.864E+2	-3.214E+1	-2.518E+1	-5.293E+1	2.537E+2	3.658E+2
0.000E+0	0.000E+0	2.685E+0	2.270E+1	5.580E+1	-1.270E+2	2.156E+2	1.517E+2
0.000E+0	0.000E+0	8.086E+1	3.485E+2	3.541E+2	1.496E+2	-1.597E+1	2.987E+2
0.000E+0	0.000E+0	5.496E+0	-2.434E+1	-9.427E+1	3.859E+2	1.573E+2	-2.564E+2
0.000E+0	0.000E+0	-4.577E+0	-3.348E+2	-2.441E+2	-8.833E+1	-1.809E+2	-1.076E+2
0.000E+0	0.000E+0	-1.231E+2	-4.118E+2	5.745E+1	-2.658E+2	-3.134E+2	-2.766E+2
0.000E+0	0.000E+0	2.217E+1	1.101E+2	7.421E+1	1.063E+2	-1.580E+2	6.319E+1
0.000E+0	0.000E+0	-1.337E+2	-1.299E+2	-2.601E+2	2.989E+2	1.137E+2	-2.277E+2
0.000E+0	0.000E+0	5.982E+2	-3.364E+2	2.905E+2	2.454E+1	1.428E+2	2.220E+2
0.000E+0	0.000E+0	-3.271E+2	-1.316E+2	2.099E+1	5.768E+1	-6.269E+1	8.559E+1
0.000E+0	0.000E+0	-4.823E+1	2.847E+2	1.231E+2	2.757E+2	1.702E+2	4.119E+2
0.000E+0	0.000E+0	3.536E+2	3.608E+2	1.690E+2	5.397E+2	4.339E+2	3.184E+2
0.000E+0	0.000E+0	1.436E+2	-1.116E+2	-2.305E+2	-7.757E+1	5.797E+1	1.643E+2
0.000E+0	0.000E+0	-1.147E+2	-2.088E+2	-9.857E+1	7.016E+1	-8.449E+1	-7.355E+0
0.000E+0	0.000E+0	-5.486E+1	2.842E+2	1.076E+1	-7.530E+1	1.015E+2	1.530E+2
0.000E+0	0.000E+0	4.646E+2	1.803E+2	7.088E+1	5.818E+2	2.569E+2	9.644E+1
0.000E+0	0.000E+0	1.812E+2	-2.204E+0	4.643E+1	-3.758E+2	4.504E+2	-2.547E+2
0.000E+0	0.000E+0	1.489E+1	1.734E+2	1.148E+2	-1.124E+1	1.482E+2	1.857E+2
0.000E+0	0.000E+0	5.049E+2	4.438E+2	2.696E+2	3.284E+2	6.130E+2	6.969E+1
0.000E+0	0.000E+0	-8.675E+1	9.900E+1	-1.211E+2	-1.785E+2	8.877E+1	2.186E+2
0.000E+0	0.000E+0	5.852E+1	3.991E+1	-1.120E+2	1.107E+2	4.509E+2	-1.548E+2
0.000E+0	0.000E+0	-9.210E+1	1.264E+2	-3.041E+2	-3.118E+2	1.414E+2	1.955E+2
0.000E+0	0.000E+0	1.962E+2	-1.727E+2	-2.523E+2	-3.471E+1	-4.696E+2	-1.935E+2
0.000E+0	0.000E+0	1.335E+2	6.732E+1	6.385E+1	4.380E+1	-1.784E+1	2.637E+2
0.000E+0	0.000E+0	-1.677E+2	-2.040E+2	9.813E+1	-1.651E+2	1.138E+2	-3.592E+2
0.000E+0	0.000E+0	-3.247E+2	-4.163E+1	4.686E+1	-2.840E+2	6.873E+1	-2.484E+2
0.000E+0	0.000E+0	8.575E+1	-1.001E+2	-6.728E+1	-1.098E+2	-1.902E+2	-1.658E+1
0.000E+0	0.000E+0	-2.053E+2	-1.777E+2	-9.404E+1	1.601E+1	8.746E+0	1.447E+2
0.000E+0	0.000E+0	3.844E+1	7.218E+0	-6.279E+1	1.174E+1	-2.535E+2	4.804E+1
0.000E+0	0.000E+0	1.242E+2	-4.800E+1	8.801E+1	1.099E+2	7.958E+1	-1.382E+2
0.000E+0	0.000E+0	-3.642E+2	5.321E+1	-6.855E+1	-1.102E+2	-6.485E+1	-2.971E+2
0.000E+0	0.000E+0	-1.217E+1	1.675E+2	6.022E+1	2.063E+2	-1.267E+2	-4.152E+2
0.000E+0	0.000E+0	-4.748E+2	-1.910E+2	-4.929E+2	-3.054E+2	-2.652E+2	-3.849E+1
0.000E+0	0.000E+0	7.350E+1	2.085E+2	2.159E+2	-1.280E+2	8.871E+1	-6.234E+1
0.000E+0	0.000E+0	-1.147E+2	6.182E+1	3.229E+1	6.475E+1	-4.012E+2	1.449E+1
0.000E+0	0.000E+0	-3.985E+1	1.270E+2	-1.058E+2	3.524E-1	-8.615E+1	2.454E+2
0.000E+0	0.000E+0	-5.208E+2	-5.174E+1	-4.878E+2	-2.606E+2	-2.564E+2	-3.760E+2
0.000E+0	0.000E+0	-3.011E+1	-7.420E+1	-2.021E+2	1.650E+2	1.472E+2	-2.060E+2
0.000E+0	0.000E+0	-2.093E+2	-8.463E+1	-2.676E+2	-1.755E+2	-2.565E+2	5.580E+1
0.000E+0	0.000E+0	-2.596E+1	2.882E+2	-4.368E+1	-3.302E+2	-2.544E+1	1.134E+2
0.000E+0	0.000E+0	-2.908E+1	7.797E+1	2.809E+2	1.093E+2	1.525E+1	-3.954E+1
0.000E+0	0.000E+0	-1.194E+2	-1.743E+2	3.698E+1	-2.670E+2	-1.940E+1	-5.479E+1
0.000E+0	0.000E+0	2.820E+2	1.986E+2	2.262E+2	1.477E+2	1.806E+1	-1.655E+2
0.000E+0	0.000E+0	3.389E+2	2.984E+2	4.194E+2	2.260E+2	2.675E+2	4.573E+2
0.000E+0	0.000E+0	1.034E+2	1.860E+2	3.229E+2	4.092E+2	3.108E+2	1.121E+2
0.000E+0	0.000E+0	-1.395E+2	2.006E+2	-1.190E+2	8.258E+1	1.650E+2	8.913E+0
0.000E+0	0.000E+0	3.578E+2	2.365E+2	4.672E+2	9.616E+1	5.836E+2	2.626E+2
0.000E+0	0.000E+0	1.493E+2	2.365E+2	-2.945E+2	8.975E+0	1.192E+2	-5.660E+1
0.000E+0	0.000E+0	-1.218E+2	3.951E+1	1.381E+2	1.074E+2	1.879E+1	8.692E+1
0.000E+0	0.000E+0	1.099E+2	9.339E+1	-1.436E+2	-1.795E+2	-2.503E+2	7.148E+1
0.000E+0	0.000E+0	2.943E+2	3.383E+2	1.724E+2	1.505E+2	-3.245E+2	4.882E+1
0.000E+0	0.000E+0	-2.379E+2	-3.040E+2	2.075E+0	-3.983E+1	-2.859E+1	-4.255E+2
0.000E+0	0.000E+0	-1.303E+2	2.075E+2	3.518E+1	7.179E+0	-2.719E+1	1.561E+2
0.000E+0	0.000E+0	-4.491E+1	7.624E+1	-6.694E+1	-1.650E+2	5.792E+1	1.215E+2
0.000E+0	0.000E+0	1.619E+2	-3.435E+1	1.482E+2	-2.148E+2	9.178E+1	-2.035E+2
0.000E+0	0.000E+0	-5.669E+2	-3.356E+2	-3.053E+2	-4.040E+2	-2.245E+2	9.969E+1
0.000E+0	0.000E+0	-7.439E+1	-8.023E+1	-1.447E+2	-2.549E+2	-1.187E+2	-3.516E+2
0.000E+0	0.000E+0	-3.382E+2	6.876E+1	1.071E+2	2.600E+2	-1.965E+1	8.108E+1
0.000E+0	0.000E+0	-3.935E+2	-2.372E+2	-4.051E+2	3.511E+1	-1.761E+2	-1.801E+2
0.000E+0	0.000E+0	-3.203E+1	-1.540E+2	-1.701E+1	-4.879E+2	-1.098E+2	-2.273E+2
0.000E+0	0.000E+0	-1.768E+2	-2.528E+2	-2.415E+2	-4.467E+2	-2.088E+2	-7.657E+1
0.000E+0	0.000E+0	-8.061E+1	4.527E+1	3.597E+2	1.151E+2	6.756E+1	-1.161E+2
0.000E+0	0.000E+0	3.190E+2	3.223E+2	-2.221E+1	4.437E+2	7.627E+1	2.721E+2
0.000E+0	0.000E+0	-2.160E+2	-8.088E+1	3.089E+1	-3.417E+1	2.050E+2	2.601E+1
0.000E+0	0.000E+0	1.969E+2	-1.071E+2	4.798E+1	-2.003E+2	1.272E+1	-9.808E+1
0.000E+0	0.000E+0	2.150E+2	-4.546E+2	-6.982E+2	-4.785E+2	-1.742E+2	-1.593E+2
0.000E+0	0.000E+0	-1.402E+1	2.126E+2	-2.755E+1	-1.867E+2	1.120E+2	-7.478E+1
0.000E+0	0.000E+0	9.091E+1	-2.562E+1	-1.921E+1	-2.511E+2	-1.373E+2	-6.034E+1
0.000E+0	0.000E+0	1.080E+1	-1.148E+2	2.212E+2	2.463E+2	9.606E+1	1.767E+2
0.000E+0	0.000E+0	1.212E+2	1.245E+2	7.528E+1	3.774E+2	5.885E+1	-1.973E+2
0.000E+0	0.000E+0	-3.195E+2	-2.694E+2	-1.186E+2	-4.092E+2	1.553E+2	-2.048E+2
0.000E+0	0.000E+0	1.229E+2	2.276E+1	2.065E+2	9.129E+1	2.531E+2	-9.862E+1
0.000E+0	0.000E+0	6.057E+1	1.480E+2	-1.808E+2	-1.943E+2	1.257E+2	-1.136E+2
0.000E+0	0.000E+0	-2.872E+1	-2.647E+2	2.977E+1	1.310E+1	-1.245E+2	-2.551E+2
0.000E+0	0.000E+0	-2.787E+2	-5.154E+1	1.110E+2	-2.378E+2	-3.803E+2	9.029E+1
0.000E+0	0.000E+0	-3.739E+2	-1.398E+2	-2.227E+2	4.292E+1	-2.210E+2	-1.645E+2
0.000E+0	0.000E+0	-1.150E+2	-3.390E+2	5.142E+1	-2.453E+2	3.845E+1	-2.118E+2
0.000E+0	0.000E+0	3.156E+2	7.169E+1	2.816E+2	2.780E+2	5.536E+1	2.015E+2
0.000E+0	0.000E+0	-2.139E+2	-8.500E+1	-1.251E+2	-6.625E+1	1.086E+2	-2.474E+2
0.000E+0	0.000E+0	-4.957E+1	-6.187E+1	6.347E+1	-1.010E+2	1.259E+2	2.546E+2
0.000E+0	0.000E+0	-2.964E+2	-2.941E+2	-4.719E+2	-2.334E+2	1.647E+2	-3.590E+0
0.000E+0	0.000E+0	2.719E+2	4.582E+2	2.074E+2	3.091E+2	1.328E+2	6.320E+2
0.000E+0	0.000E+0	-1.633E+2	-3.226E+2	-1.811E+2	-1.688E+2	-6.620E+1	-3.400E+1
0.000E+0	0.000E+0	-2.111E+2	-7.877E+1	1.013E+2	1.031E+2	-1.890E+2	-2.312E+2
0.000E+0	0.000E+0	-1.142E+2	3.449E+2	1.071E+2	2.247E+2	-1.706E+2	-1.601E+2
0.000E+0	0.000E+0	9.043E+1	-1.205E+1	9.618E+1	-2.360E+2	-2.378E+2	1.957E+2
0.000E+0	0.000E+0	2.335E+2	7.625E+1	1.951E+2	9.796E+1	3.942E+1	-1.405E+1
0.000E+0	0.000E+0	-3.304E+1	6.160E+1	5.836E-1	-3.537E+2	-1.567E+2	5.408E+1
0.000E+0	0.000E+0	9.265E+1	1.619E+2	5.055E+2	3.229E+2	4.258E+2	1.392E+2
0.000E+0	0.000E+0	1.102E+2	2.557E+2	3.310E+2	1.762E+2	2.551E+1	2.476E+2
0.000E+0	0.000E+0	-1.733E+2	1.788E+2	-1.358E+2	1.110E+2	-1.485E+2	4.683E+1
0.000E+0	0.000E+0	-1.823E+2	8.865E+1	-4.083E+1	-1.895E+2	8.021E+1	-1.564E+1
0.000E+0	0.000E+0	1.127E+2	2.542E+2	4.407E+2	4.494E+2	8.251E+1	4.477E+1
0.000E+0	0.000E+0	2.575E+1	-3.782E+2	-1.723E+2	-1.088E+2	-1.339E+2	-7.738E+1
0.000E+0	0.000E+0	-2.500E+2	-2.146E+2	5.569E+1	-1.876E+2	-1.402E+1	-4.029E+1
0.000E+0	0.000E+0	1.324E+2	5.074E+1	5.988E+1	-9.981E+1	-2.573E+2	1.154E+0
0.000E+0	0.000E+0	-1.753E+2	-1.421E+2	1.364E+2	-4.971E+1	-1.110E+2	3.483E-1
0.000E+0	0.000E+0	2.424E+2	1.523E+2	2.032E+2	2.622E+2	3.855E+2	4.741E+2
0.000E+0	0.000E+0	2.645E+2	-1.045E+2	-1.020E+2	1.310E+2	-8.618E+1	3.875E+2
0.000E+0	0.000E+0	-2.373E+2	-8.051E+1	-1.258E+2	-1.065E+2	-9.517E+1	-4.339E+1
0.000E+0	0.000E+0	-6.251E+1	8.533E+1	-6.010E+1	-2.009E+2	2.634E+2	-1.314E+2
0.000E+0	0.000E+0	4.475E+1	-2.286E+2	-1.043E+2	-4.176E+2	-4.375E+2	-3.161E+2
0.000E+0	0.000E+0	1.159E+1	-3.588E+2	-1.817E+2	-8.598E+1	-3.504E+1	1.767E+2
0.000E+0	0.000E+0	-8.878E+1	-1.229E+2	4.301E+1	-1.687E+2	-7.182E+1	-1.378E+2
0.000E+0	0.000E+0	1.499E+2	1.451E+2	-2.126E+2	8.273E+1	1.329E+1	1.692E+2
0.000E+0	0.000E+0	-2.290E+2	-3.930E+2	-4.932E+2	-4.267E+2	-4.424E+2	-3.716E+2
0.000E+0	0.000E+0	-1.116E+2	-6.542E+1	9.432E+1	3.485E+1	1.694E+2	9.185E+1
0.000E+0	0.000E+0	1.477E+1	1.972E+1	-1.384E+2	3.351E+1	-4.052E+1	1.927E+2
0.000E+0	0.000E+0	5.102E+2	7.352E+1	1.959E+2	3.363E+2	2.925E+2	4.492E+2
0.000E+0	0.000E+0	-3.261E+1	-8.350E+1	7.317E+0	8.533E+1	6.201E+1	-3.004E+1
0.000E+0	0.000E+0	1.645E+2	7.945E+1	2.258E+2	-7.349E+1	-5.573E+1	1.323E+2
0.000E+0	0.000E+0	-2.599E+2	3.035E+2	-1.597E+2	-2.389E+2	-6.227E+1	5.731E+1
0.000E+0	0.000E+0	-3.073E+0	-2.057E+2	1.222E+2	-7.629E+1	2.857E+1	-1.590E+2
0.000E+0	0.000E+0	2.762E+2	1.508E+1	1.013E+2	1.652E+2	9.178E+1	8.379E+1
0.000E+0	0.000E+0	-1.760E+2	1.086E+2	1.078E+2	8.320E+1	-1.486E+2	6.890E+1
0.000E+0	0.000E+0	4.287E+2	1.841E+2	4.597E+2	4.174E+2	3.180E+2	1.536E+2
0.000E+0	0.000E+0	-5.540E+1	8.033E+0	-1.074E+2	1.326E+2	-3.119E+1	3.472E+0
0.000E+0	0.000E+0	9.761E+1	-2.886E+2	2.737E+2	1.913E+2	2.112E+2	3.252E+2
0.000E+0	0.000E+0	1.584E+2	3.463E+2	-1.436E+2	-4.503E+1	-3.448E+1	1.207E+2
0.000E+0	0.000E+0	3.804E+2	-1.669E+2	1.308E+2	-2.759E+1	5.293E+1	1.206E+2
0.000E+0	0.000E+0	-1.368E+2	1.549E+1	-1.860E+2	2.027E+1	-5.398E+1	-8.503E+1
0.000E+0	0.000E+0	1.889E+2	-1.346E+2	-3.345E+1	-7.616E+1	1.223E+2	-1.676E+2
0.000E+0	0.000E+0	2.921E+2	2.704E+1	-7.750E+1	1.890E+2	1.412E+2	7.655E+1
0.000E+0	0.000E+0	-7.997E+1	-2.266E+2	-1.445E+2	-3.450E+2	-6.439E+1	-2.432E+2
0.000E+0	0.000E+0	-4.461E+2	-3.128E+2	-1.094E+2	-3.123E+2	-3.491E+2	-4.074E+2
0.000E+0	0.000E+0	-1.667E+2	-7.019E+1	-1.524E+2	2.240E+1	-8.737E+1	-2.501E+2
0.000E+0	0.000E+0	-8.075E+0	-1.150E+2	-1.480E+2	-1.769E+2	-5.260E+0	1.114E+2
0.000E+0	0.000E+0	-1.124E+2	-6.105E+1	2.656E+1	-2.281E+2	-3.473E+2	-4.126E+2
0.000E+0	0.000E+0	2.293E+2	-8.830E+1	1.018E+2	1.237E+2	1.335E+2	9.233E+1
0.000E+0	0.000E+0	1.555E+2	2.192E+2	1.502E+2	2.834E+2	3.286E+2	7.331E+1
0.000E+0	0.000E+0	-1.656E+2	-2.427E+1	5.540E+0	1.218E+2	3.856E+1	-3.992E+1
0.000E+0	0.000E+0	8.951E+1	2.561E+2	3.528E+2	-3.866E+1	-9.177E+1	1.849E+2
0.000E+0	0.000E+0	-1.659E+2	2.551E+2	-2.503E+2	-1.590E+2	-2.114E+2	-4.813E+1
0.000E+0	0.000E+0	2.108E+2	1.949E+2	1.585E+2	2.420E+2	-5.580E+0	4.340E+2
0.000E+0	0.000E+0	-1.031E+2	-3.540E+2	-1.318E+2	-5.822E+1	4.412E+1	-3.560E+2
0.000E+0	0.000E+0	2.489E+2	7.660E+1	1.326E+2	-1.084E+2	2.973E+2	9.327E+1
0.000E+0	0.000E+0	-2.720E+2	-5.029E+1	-3.099E+2	-8.434E+1	-2.427E+2	-1.935E+2
0.000E+0	0.000E+0	9.121E+1	2.803E+1	-1.475E+1	-7.898E+1	-8.418E+1	1.017E+2
0.000E+0	0.000E+0	2.258E+1	2.710E+1	4.197E+2	2.430E+2	-3.938E+1	-2.859E+2
0.000E+0	0.000E+0	4.430E+1	-1.971E+2	1.189E+2	1.552E+1	1.918E+1	1.291E+2
0.000E+0	0.000E+0	-5.400E+1	-1.130E+2	-2.531E+2	-1.074E+2	-2.190E+2	-3.895E+1
0.000E+0	0.000E+0	5.030E+1	-2.862E+2	1.114E+2	9.645E+1	1.801E+2	1.290E+2
0.000E+0	0.000E+0	-1.573E+2	-6.106E+1	-2.615E+2	-1.390E+2	-1.698E+2	1.200E+2
0.000E+0	0.000E+0	-1.176E+2	3.533E+1	9.464E+1	-9.464E+1	2.279E+2	-1.185E+1
0.000E+0	0.000E+0	8.523E+1	-1.379E+1	-1.354E+2	-1.273E+2	1.241E+2	-8.020E+1
0.000E+0	0.000E+0	-4.622E+1	-1.971E+2	-2.951E+2	-2.250E+2	6.031E+1	-2.753E+2
0.000E+0	0.000E+0	1.438E+1	-8.349E+1	1.568E+2	5.186E+1	-6.141E+1	8.698E+1
0.000E+0	0.000E+0	-8.415E-4	3.294E+2	2.336E+2	1.033E+2	-7.551E+1	2.020E+2
0.000E+0	0.000E+0	2.482E+2	2.033E+2	3.269E+1	2.331E+2	3.600E+2	1.327E+2
0.000E+0	0.000E+0	-3.646E+2	-1.086E+1	2.573E+2	2.617E+2	1.003E+2	1.349E+2
0.000E+0	0.000E+0	2.493E+2	-2.435E+1	1.563E+2	2.320E+2	-9.510E+1	-1.655E+2
0.000E+0	0.000E+0	-1.690E+2	-6.580E+1	5.417E+1	-6.229E+1	-3.164E+1	2.831E+1
0.000E+0	0.000E+0	1.668E+2	7.561E+1	1.638E+2	4.346E+1	-6.694E+1	-9.465E+0
0.000E+0	0.000E+0	-1.476E+2	2.381E+2	1.205E+2	1.139E+1	3.336E+1	1.399E+2
0.000E+0	0.000E+0	8.570E+1	-2.654E+2	-2.609E+1	-2.926E+2	1.410E+1	-2.635E+2
0.000E+0	0.000E+0	-1.357E+2	2.425E+2	8.569E+1	6.137E+1	5.466E+1	3.331E+2
0.000E+0	0.000E+0	3.179E+2	3.953E+2	2.639E+2	1.002E+2	2.015E+2	1.146E+2
0.000E+0	0.000E+0	1.469E+2	3.633E+2	-1.850E+2	2.923E+1	2.552E+2	-8.746E+0
0.000E+0	0.000E+0	1.843E+2	1.854E+2	2.524E+2	2.191E+2	-2.727E+1	2.343E+2
0.000E+0	0.000E+0	-1.732E+2	-2.219E+1	-6.371E+1	-1.085E+1	7.603E+1	-1.845E+2
0.000E+0	0.000E+0	1.018E+2	1.346E+2	2.601E+2	9.616E+1	-1.889E+2	-3.478E+1
0.000E+0	0.000E+0	-8.710E+1	-4.056E+1	4.524E+1	-1.234E+2	-2.518E+2	1.967E+2
0.000E+0	0.000E+0	3.362E+2	6.170E+2	4.331E+2	6.370E+2	4.882E+2	3.695E+2
0.000E+0	0.000E+0	2.289E+2	7.968E+0	1.311E+2	3.696E+2	-1.525E+1	2.485E+2
0.000E+0	0.000E+0	8.054E+1	-9.626E+1	4.089E+0	1.845E+1	-1.598E+1	-3.881E+1
0.000E+0	0.000E+0	3.796E+2	4.643E+2	3.650E+2	7.830E+1	3.287E+2	-1.441E+2
0.000E+0	0.000E+0	1.103E+2	9.471E+1	-2.778E+1	-1.394E+2	-1.245E+2	2.174E+2
0.000E+0	0.000E+0	-2.232E+1	-1.195E+2	4.922E+2	9.980E+1	8.124E+1	9.226E+0
0.000E+0	0.000E+0	-1.958E+1	3.900E+2	9.270E+1	-1.296E+2	1.814E+2	4.079E+1
0.000E+0	0.000E+0	1.005E+2	2.997E+1	-1.440E+2	-4.074E+1	-2.387E+2	-1.823E+2
0.000E+0	0.000E+0	-3.855E+1	1.805E+2	-1.360E+1	1.205E+2	3.176E+1	3.048E+1
0.000E+0	0.000E+0	4.728E+1	8.286E+0	1.432E+2	-5.637E+1	4.333E+2	9.626E+1
0.000E+0	0.000E+0	1.682E+1	2.165E+1	-2.236E+2	1.805E+2	-4.802E+0	-5.891E+1
0.000E+0	0.000E+0	1.520E+2	2.003E+2	-9.336E+0	1.297E+2	-1.332E+2	1.060E+2
0.000E+0	0.000E+0	-4.191E+1	3.133E+2	1.217E+2	1.283E+2	3.394E+2	9.223E+1
0.000E+0	0.000E+0	-2.067E+2	-2.745E+1	-2.208E+2	-2.230E+2	-1.234E+2	-4.268E+2
0.000E+0	0.000E+0	-2.369E+1	-1.387E+2	-1.956E+2	5.847E+1	-2.323E+2	-2.935E+2
0.000E+0	0.000E+0	-1.491E+2	-3.276E+2	5.369E+1	-1.745E+2	-3.811E+1	-3.748E+2
0.000E+0	0.000E+0	-1.002E+2	1.140E+2	1.380E+2	-1.069E+1	1.625E+2	9.119E+1
0.000E+0	0.000E+0	4.400E+1	4.242E+2	1.667E+2	3.357E+2	-4.629E+1	1.669E+2
0.000E+0	0.000E+0	-1.505E+2	-3.493E+2	-2.487E+2	-1.881E+2	-2.044E+2	-2.903E+2
0.000E+0	0.000E+0	-2.331E+1	9.328E+1	2.480E+2	6.409E+0	-2.520E+2	-2.664E+2
0.000E+0	0.000E+0	-4.262E+2	-1.688E+2	-2.516E+2	-2.044E+2	-1.519E+2	-2.504E+2
0.000E+0	0.000E+0	-3.121E+2	-2.150E+2	-2.616E+2	1.195E+1	-1.809E+2	2.136E+2
0.000E+0	0.000E+0	1.380E+2	-2.746E+2	-1.016E+2	3.422E+2	1.402E+2	6.615E+1
0.000E+0	0.000E+0	-2.801E+2	-9.047E+1	-1.521E+2	-2.712E+2	-8.154E+1	-3.153E+2
0.000E+0	0.000E+0	1.450E+2	-5.262E+1	1.207E+2	-1.771E+2	-4.145E+2	4.457E+0
0.000E+0	0.000E+0	-1.363E+2	-2.860E+1	-2.051E+2	-4.952E+0	-1.624E+2	-6.044E+1
0.000E+0	0.000E+0	2.244E+2	-2.046E+1	-1.057E+2	-1.505E+2	-1.123E+2	1.180E+1
0.000E+0	0.000E+0	8.774E+1	-1.004E+2	8.686E+1	2.545E+2	1.207E+2	2.531E+2
0.000E+0	0.000E+0	1.451E+2	-9.520E+1	4.267E+1	-1.212E+2	2.758E+1	1.533E+2
0.000E+0	0.000E+0	4.267E+2	1.672E+2	6.221E+1	1.016E+2	1.442E+2	7.315E+1
0.000E+0	0.000E+0	8.638E+1	2.370E+1	-1.844E+2	-1.069E+2	-5.705E+0	-3.687E+1
0.000E+0	0.000E+0	2.761E+2	5.179E+2	4.700E+2	3.284E+2	1.970E+2	2.707E+2
0.000E+0	0.000E+0	1.645E+2	2.652E+2	-2.041E+1	2.252E+2	1.806E+2	2.029E+2
0.000E+0	0.000E+0	1.247E+2	-8.277E+0	-2.329E+2	-3.447E+2	-7.892E+1	-2.321E+2
0.000E+0	0.000E+0	2.468E+2	-1.376E+2	4.585E+2	-3.146E+2	1.200E+2	3.084E+2
0.000E+0	0.000E+0	-7.400E+1	2.058E+2	1.063E+1	-2.467E+2	-3.717E+1	-1.343E+2
0.000E+0	0.000E+0	8.721E+1	2.081E+1	2.024E+2	-1.161E+2	-9.460E+1	5.783E+1
0.000E+0	0.000E+0	3.830E+2	2.532E+2	1.465E+2	4.859E+2	5.645E+2	1.834E+2
0.000E+0	0.000E+0	7.159E+1	6.427E+1	1.051E+2	2.818E+1	8.057E+1	-1.621E+2
0.000E+0	0.000E+0	1.836E+2	-6.741E+0	3.675E+1	4.742E+1	1.424E+1	1.375E+2
0.000E+0	0.000E+0	-1.042E+1	5.454E+2	6.855E+1	3.515E+2	-2.860E+1	2.530E+2
0.000E+0	0.000E+0	2.746E+2	-1.473E+2	2.225E+2	-2.501E+2	1.435E+2	4.468E+1
0.000E+0	0.000E+0	1.001E+2	-1.037E+2	1.486E+2	1.159E+2	3.386E+1	1.835E+2
0.000E+0	0.000E+0	4.437E+1	2.265E+2	-3.618E+1	3.739E+2	8.476E+1	2.497E+2
0.000E+0	0.000E+0	5.431E+1	-5.111E+1	-9.844E+1	-6.223E+1	-1.109E+1	-7.634E+1
0.000E+0	0.000E+0	-6.924E+1	2.621E+2	3.303E+2	3.075E+2	-9.962E+1	2.023E+2
0.000E+0	0.000E+0	-3.437E+2	-1.439E+2	-1.575E+2	-2.051E+2	-4.182E+2	-2.013E+2
0.000E+0	0.000E+0	-1.225E+2	1.079E+2	-1.061E+2	-2.423E+2	1.789E+2	-1.951E+1
0.000E+0	0.000E+0	1.267E+2	2.358E+2	3.028E+2	2.785E+2	1.594E+2	-5.810E+1
0.000E+0	0.000E+0	-2.325E+2	-5.916E+1	1.961E+2	-8.129E+1	-5.337E+1	-3.085E+1
0.000E+0	0.000E+0	-1.234E+2	-2.374E+1	-1.020E+2	-1.870E+2	6.142E+1	6.431E+1
0.000E+0	0.000E+0	6.197E+1	1.291E+1	1.689E+1	-1.476E+2	-5.066E+1	-1.188E+2
0.000E+0	0.000E+0	8.769E+1	-2.262E+2	2.237E+1	-2.505E+2	-1.302E+2	1.136E+2
0.000E+0	0.000E+0	7.418E+1	-1.523E+2	1.139E+2	8.567E+1	-1.003E+2	2.571E+2
0.000E+0	0.000E+0	1.728E+2	2.870E+2	2.393E+2	2.831E+2	7.205E+1	3.254E+2
0.000E+0	0.000E+0	-6.896E+1	1.301E+2	2.795E+2	7.462E+1	5.348E+1	2.724E+2
0.000E+0	0.000E+0	-3.252E+1	7.154E+1	9.078E+1	4.809E+1	3.667E+1	-8.817E+1
0.000E+0	0.000E+0	8.075E+1	-1.297E+2	2.546E+2	4.290E+1	6.155E+1	3.022E+2
0.000E+0	0.000E+0	3.955E+2	1.702E+2	2.905E+2	1.767E+2	-1.768E+2	-2.832E+2
0.000E+0	0.000E+0	-1.037E+2	2.324E+2	2.808E+2	-1.774E+1	-4.587E+1	8.128E+1
0.000E+0	0.000E+0	1.920E+2	2.480E+1	2.127E+2	3.185E+1	-2.244E+2	-1.335E+2
0.000E+0	0.000E+0	2.865E+2	2.426E+2	3.561E+1	6.005E+1	1.825E+2	-1.250E+2
0.000E+0	0.000E+0	-2.522E+1	8.213E+0	-2.486E+2	-1.995E+2	-2.405E+2	-1.115E+2
0.000E+0	0.000E+0	-1.500E+2	-1.942E+2	-2.080E+2	-2.082E+2	-1.803E+2	-3.485E+1
0.000E+0	0.000E+0	1.049E+2	-3.381E+2	-3.459E+1	-5.077E+2	-2.430E+2	-2.175E+2
0.000E+0	0.000E+0	7.189E+1	2.514E+1	3.058E+2	1.359E+2	1.718E+2	2.598E+2
0.000E+0	0.000E+0	-4.168E+1	-1.463E+1	1.461E+2	-5.546E+1	2.000E+2	2.482E+2
0.000E+0	0.000E+0	7.536E+0	-2.010E+2	-2.941E+2	-1.819E+2	1.588E+2	3.133E+1
0.000E+0	0.000E+0	3.505E+1	6.433E+1	-5.076E+1	1.747E+2	4.774E+0	9.376E+0
0.000E+0	0.000E+0	3.896E+1	-2.207E+2	4.034E+1	5.037E+1	-2.792E+2	9.150E+0
0.000E+0	0.000E+0	1.234E+2	2.176E+2	5.931E+1	-1.237E+1	7.241E+1	1.254E+2
0.000E+0	0.000E+0	8.338E+1	-2.921E+2	-1.491E+1	-5.760E+1	1.266E+2	-2.138E+2
0.000E+0	0.000E+0	-5.072E+0	-1.918E+2	-1.030E+1	2.088E+1	-2.759E+1	-2.914E+1
0.000E+0	0.000E+0	1.839E+2	4.949E+1	-4.211E+2	-1.401E+2	-6.604E+1	-1.374E+2
0.000E+0	0.000E+0	2.601E+2	8.098E+1	2.099E+2	1.061E+2	1.801E+2	2.691E+2
0.000E+0	0.000E+0	-4.917E+2	-8.756E+1	-1.404E+2	-3.817E+2	-1.539E+2	-6.358E+1
0.000E+0	0.000E+0	3.914E+2	1.904E+2	1.966E+2	2.097E+1	3.018E+1	-8.590E+1
0.000E+0	0.000E+0	-1.106E+2	-1.661E+2	-1.504E+1	-1.078E+2	-2.273E+2	-1.295E+2
0.000E+0	0.000E+0	-1.523E+2	-1.545E+1	-5.362E+1	3.885E+2	1.021E+2	-7.104E+1
0.000E+0	0.000E+0	2.459E+2	2.212E+2	3.736E+2	2.079E+2	4.721E+2	3.496E+2
0.000E+0	0.000E+0	4.691E+1	-6.725E+1	1.581E+2	-1.972E+2	-4.855E+1	1.493E+2
0.000E+0	0.000E+0	-2.580E+2	-4.781E+0	-1.434E+2	-1.720E+2	-1.735E+1	-1.645E+2
0.000E+0	0.000E+0	-5.256E+2	-7.404E+1	-2.821E+2	-1.025E+2	-2.686E+2	-9.866E+1
0.000E+0	0.000E+0	2.474E+2	1.323E+2	3.004E+2	3.321E+1	2.255E+1	1.819E+2
0.000E+0	0.000E+0	3.235E+1	-2.816E+2	1.314E+2	-3.271E+2	-3.104E+1	-4.857E+1
0.000E+0	0.000E+0	3.486E+2	3.796E+1	2.729E+2	2.825E+2	1.624E+2	6.282E+0
0.000E+0	0.000E+0	4.520E+2	5.886E+2	1.843E+2	5.159E+2	6.018E+1	3.613E+2
0.000E+0	0.000E+0	-2.264E+2	-1.294E+2	-5.360E+2	-3.501E+2	-2.089E+2	-6.706E+1
0.000E+0	0.000E+0	4.637E+1	-1.218E+2	-1.941E+2	-1.749E+1	4.825E+1	1.280E+1
0.000E+0	0.000E+0	-7.626E+1	1.161E+2	-3.723E+2	3.016E+1	-2.359E+2	3.448E+1
0.000E+0	0.000E+0	-2.075E+2	-2.570E+2	-1.114E+0	-1.681E+2	-2.836E+2	-1.633E+2
0.000E+0	0.000E+0	2.360E+0	-7.250E+1	2.550E+1	-1.446E+2	1.466E+2	1.104E+1
0.000E+0	0.000E+0	-1.330E+2	3.057E+2	6.928E+1	2.502E+2	1.903E+2	4.603E+1
0.000E+0	0.000E+0	-2.277E+2	-4.106E+1	-1.183E+0	-1.827E+2	-8.247E+1	-1.169E-1
0.000E+0	0.000E+0	-1.287E+2	-4.850E+2	-1.610E+2	-4.357E+2	-2.222E+2	-1.273E+2
0.000E+0	0.000E+0	9.123E+1	4.071E+2	3.632E+1	1.695E+2	4.117E+1	2.306E+2
0.000E+0	0.000E+0	-1.627E+2	-1.489E+2	-1.566E+1	-2.021E+2	2.786E+2	-1.356E+2
0.000E+0	0.000E+0	-3.033E+2	-1.346E+2	2.019E+2	1.056E+2	1.851E+2	-3.192E+0
0.000E+0	0.000E+0	1.785E+2	1.369E+2	2.181E+0	-2.529E+2	-9.600E+1	-1.272E+2
0.000E+0	0.000E+0	-8.834E+1	-1.024E+2	-2.807E+2	-2.718E+2	4.258E+1	3.399E+0
0.000E+0	0.000E+0	-1.358E+2	8.273E+1	-8.980E+1	-1.126E+2	-8.243E+1	-3.424E+2
0.000E+0	0.000E+0	1.171E+2	1.234E+2	1.831E+1	-9.706E+1	-6.494E+1	-3.791E+1
0.000E+0	0.000E+0	-2.149E+2	2.800E+1	-8.290E+1	-1.251E+2	-3.521E+1	-2.660E+2
0.000E+0	0.000E+0	1.779E+2	7.175E+1	2.426E+1	-1.621E+2	3.557E+2	2.107E+2
0.000E+0	0.000E+0	5.926E+1	5.361E+2	1.214E+2	-9.968E+0	-3.483E+1	-6.679E+1
0.000E+0	0.000E+0	-4.341E+2	-1.649E+1	-2.629E+2	-1.113E+2	-2.512E+2	-2.069E+2
0.000E+0	0.000E+0	-1.045E+2	-1.105E+2	-1.264E+0	-2.172E+2	-1.104E+2	-2.028E+1
0.000E+0	0.000E+0	-1.650E+2	-2.702E+2	-2.457E+2	-2.867E+2	-7.742E+1	-4.629E+1
0.000E+0	0.000E+0	9.565E+1	3.093E+2	-1.221E+2	1.119E+2	-5.866E+1	1.800E+2
0.000E+0	0.000E+0	4.505E+2	9.529E+0	2.407E+2	1.573E+2	1.240E+2	2.042E+0
0.000E+0	0.000E+0	-3.250E+1	4.790E+2	1.767E+1	4.701E+2	3.454E+2	2.604E+2
0.000E+0	0.000E+0	1.891E+2	-1.438E+2	-1.229E+2	8.068E+1	-1.280E+2	1.683E+2
0.000E+0	0.000E+0	3.634E+1	-3.050E+1	3.127E+2	2.697E+2	-9.522E+1	2.596E+1
0.000E+0	0.000E+0	9.832E+1	-2.596E+1	5.071E+1	1.645E+2	1.613E+2	3.517E+2
0.000E+0	0.000E+0	-2.270E+2	-2.647E+2	-1.557E+1	1.023E+2	-2.030E+1	-3.389E+2
0.000E+0	0.000E+0	-2.811E+2	-1.656E+2	-1.568E+2	2.950E+1	1.626E+2	-1.393E+2
0.000E+0	0.000E+0	1.686E+2	2.893E+1	1.105E+2	-8.005E+1	5.476E+1	-1.293E+2
0.000E+0	0.000E+0	3.212E+2	1.423E+1	1.606E+2	-1.685E+2	1.622E+2	1.880E+2
0.000E+0	0.000E+0	1.044E+2	3.325E+2	3.292E+2	-1.011E+2	2.170E+2	1.511E+2
0.000E+0	0.000E+0	-2.091E+2	-5.510E+1	2.037E+2	-8.388E+1	-1.130E+2	-2.144E+2
0.000E+0	0.000E+0	-6.166E+1	1.760E+1	1.466E+2	6.422E+1	-2.906E+2	5.490E+1
0.000E+0	0.000E+0	4.199E+2	-1.533E+2	-2.234E+1	9.750E+1	2.188E+2	2.662E+1
0.000E+0	0.000E+0	1.607E+1	-3.435E+1	2.716E+2	-1.786E+2	-1.751E+2	-8.316E+1
0.000E+0	0.000E+0	-2.609E+2	-1.372E+2	-9.838E+1	4.676E+1	-2.080E+2	-3.142E+2
0.000E+0	0.000E+0	-1.955E+2	-4.636E+2	-1.710E+2	-1.318E+2	-3.063E+2	-3.184E+2
0.000E+0	0.000E+0	1.188E+2	2.676E+2	9.823E+1	1.341E+2	2.118E+2	-1.073E+2
0.000E+0	0.000E+0	2.298E+1	-1.983E+2	-1.673E+2	-3.013E+2	-2.364E+2	-4.838E+1
0.000E+0	0.000E+0	-2.318E+1	1.275E+2	1.599E+2	1.172E+2	-2.560E+2	2.967E+2
0.000E+0	0.000E+0	3.643E+2	8.015E+2	1.274E+2	4.071E+2	2.495E+2	3.470E+2
0.000E+0	0.000E+0	1.842E+2	3.763E+2	7.563E+1	2.431E+2	3.769E+2	1.082E+2
0.000E+0	0.000E+0	1.725E+2	3.786E+1	2.101E+2	-6.287E+1	2.701E+2	-1.643E+2
0.000E+0	0.000E+0	1.826E+2	-1.560E+1	2.306E+2	4.011E+2	6.170E+1	-5.530E+1
0.000E+0	0.000E+0	-4.952E+1	1.409E+2	9.942E+1	3.279E-1	5.907E+1	-4.555E+2
0.000E+0	0.000E+0	3.109E+1	-1.316E+2	-2.363E+2	-1.154E+2	-5.942E+1	6.275E+1
0.000E+0	0.000E+0	1.626E+2	1.007E+2	2.339E+2	4.913E+2	3.935E+2	1.537E+2
0.000E+0	0.000E+0	1.883E+1	-7.433E+1	1.476E+1	3.674E+1	-2.523E+1	-1.378E+2
0.000E+0	0.000E+0	-4.649E+2	-2.427E+2	-1.669E+2	-3.495E+2	-4.161E+2	6.636E+1
0.000E+0	0.000E+0	2.624E+1	-6.108E+1	-5.301E+0	-4.547E+0	-1.948E+1	-7.518E+1
0.000E+0	0.000E+0	1.404E+2	2.476E+2	2.165E+2	2.290E+2	3.665E+2	3.138E+2
0.000E+0	0.000E+0	-1.360E+1	-2.031E+1	-1.641E+2	-1.518E+2	-5.091E+1	-1.655E+2
0.000E+0	0.000E+0	-1.270E+1	-9.465E+1	3.393E+2	7.226E+1	-2.373E+2	2.707E+2
0.000E+0	0.000E+0	-3.958E+2	1.457E+2	8.454E+1	-2.701E+2	-2.179E+2	-8.556E+1
0.000E+0	0.000E+0	5.275E+1	-1.868E+2	1.511E+2	-2.571E+2	-2.661E+2	-4.702E+2
0.000E+0	0.000E+0	-2.616E+2	-1.272E+2	1.023E+1	-3.978E+1	-1.192E+2	-2.711E+2
0.000E+0	0.000E+0	-4.050E+1	1.742E+2	-3.504E+1	-2.941E+2	-2.782E+2	-1.834E+2
0.000E+0	0.000E+0	-8.749E+1	-3.997E+2	-1.380E+2	-7.618E+1	-5.235E+2	-1.736E+2
0.000E+0	0.000E+0	-4.560E+1	-9.415E+1	-1.867E+2	9.324E+1	4.061E+1	-4.126E+1
0.000E+0	0.000E+0	-2.533E+1	-5.108E+1	1.216E+2	-2.192E+2	4.777E+1	7.731E+1
0.000E+0	0.000E+0	6.682E+1	-2.637E+2	-2.896E+2	-4.078E+2	-3.088E+2	-2.856E+2
0.000E+0	0.000E+0	-7.644E+1	8.066E+1	9.778E+1	-1.792E+1	4.198E+1	1.885E+2
0.000E+0	0.000E+0	4.492E+0	1.401E+1	-1.210E+2	2.233E+2	7.704E+1	1.209E+2
0.000E+0	0.000E+0	2.927E+2	-5.366E+1	1.795E+2	-7.863E+0	1.928E+2	-2.605E+2
0.000E+0	0.000E+0	-2.677E+2	-2.684E+2	-1.429E+2	-1.076E+2	-2.019E+2	-1.967E+2
0.000E+0	0.000E+0	-3.427E+2	6.717E+1	1.182E+2	-4.158E+0	-2.098E+2	-1.745E+2
0.000E+0	0.000E+0	-3.196E+1	1.158E+2	6.649E+1	1.241E+2	-5.771E+1	-1.528E+2
0.000E+0	0.000E+0	-4.150E+1	-5.347E+2	-4.485E+2	-3.598E+2	-2.646E+2	3.211E+1
0.000E+0	0.000E+0	-3.792E+2	-1.084E+2	-2.010E+2	4.678E+1	-2.200E+1	-5.246E+1
0.000E+0	0.000E+0	-4.132E+1	-6.298E+1	1.292E+2	-1.038E+2	1.940E+0	5.670E+1
0.000E+0	0.000E+0	-6.358E+1	-1.374E+2	-1.239E+2	-9.279E+1	-8.396E+1	-3.886E+2
0.000E+0	0.000E+0	4.712E+1	-2.468E+2	6.618E+0	-1.739E+2	-1.100E+2	1.871E+1
0.000E+0	0.000E+0	3.397E+2	-1.518E+2	2.306E+2	-2.793E+2	-1.389E+2	1.949E+2
0.000E+0	0.000E+0	-5.100E+1	1.134E+2	-5.838E+1	-1.989E+2	2.711E+1	-8.026E+1
0.000E+0	0.000E+0	2.685E+2	-1.970E+1	6.847E+1	3.094E+2	4.153E+2	2.551E+2
0.000E+0	0.000E+0	4.758E+2	6.639E+1	1.830E+2	-1.187E+2	5.530E+1	4.551E+2
0.000E+0	0.000E+0	-4.714E+2	-3.255E+2	-1.562E+2	-2.318E+2	-2.858E+2	-3.459E+2
0.000E+0	0.000E+0	-1.575E+2	4.953E+2	2.788E+2	-1.899E+1	2.141E+2	-3.102E+1
0.000E+0	0.000E+0	-2.034E+2	-4.570E+2	-3.734E+1	-1.253E+2	-2.405E+1	-2.037E+2
0.000E+0	0.000E+0	1.413E+2	3.132E+1	1.075E+2	1.930E+2	1.287E+2	-1.515E+2
0.000E+0	0.000E+0	3.071E+2	3.495E+2	-1.285E+2	6.159E+1	5.886E+1	2.226E+2
0.000E+0	0.000E+0	-4.361E+1	7.199E+1	-1.761E+2	-2.129E+2	5.797E+1	1.733E+2
0.000E+0	0.000E+0	-2.033E+2	-8.177E+1	-1.293E+2	1.972E+2	2.026E+2	-3.462E+2
0.000E+0	0.000E+0	-1.006E+2	-3.698E+2	-8.786E+1	2.004E+2	-9.734E+1	-2.254E+2
0.000E+0	0.000E+0	-4.084E+1	-7.182E+1	-3.634E-1	-1.800E+2	-8.234E+1	1.382E+1
0.000E+0	0.000E+0	-3.660E+2	-3.832E+2	-5.211E+2	-6.079E+2	-4.760E+2	-6.721E+2
0.000E+0	0.000E+0	-1.530E+2	-3.162E+2	2.243E+2	-1.108E+2	1.523E+2	-2.984E+2
0.000E+0	0.000E+0	3.011E+2	3.651E+1	4.441E+2	2.280E+2	3.239E+2	2.251E+2
0.000E+0	0.000E+0	-3.410E+2	-6.525E+1	4.533E+1	4.557E+1	-6.322E+1	-1.611E+2
0.000E+0	0.000E+0	5.513E+2	3.503E+2	4.121E+2	4.914E+2	3.032E+2	4.327E+2
0.000E+0	0.000E+0	-1.954E+2	-2.683E+2	-1.373E+2	6.593E+1	-1.981E+2	-1.417E+2
0.000E+0	0.000E+0	9.917E+0	2.447E+2	-2.752E+1	2.723E+2	1.857E+2	9.734E+1
0.000E+0	0.000E+0	-2.251E+1	-6.431E+1	1.201E+0	1.776E+2	5.930E+1	-3.571E+2
0.000E+0	0.000E+0	-3.278E+1	-1.695E+2	2.799E+2	1.124E+2	1.048E+2	2.119E+1
0.000E+0	0.000E+0	-2.131E+1	-2.197E+2	-2.941E+1	2.367E+1	3.542E+1	-5.680E+1
0.000E+0	0.000E+0	2.045E+1	-1.053E+0	6.155E+1	-9.631E+1	-2.098E+2	-2.712E+2
0.000E+0	0.000E+0	-2.612E+2	-3.922E+2	-1.923E+2	-3.359E+2	-2.866E+2	-1.373E+2
0.000E+0	0.000E+0	6.310E+1	-4.675E+2	-4.088E+2	-4.197E+2	-3.060E+2	-2.909E+2
0.000E+0	0.000E+0	4.722E+2	1.084E+2	2.765E+2	-5.731E+1	1.438E+0	-2.539E+1
0.000E+0	0.000E+0	1.242E+2	1.725E+2	3.994E+1	2.036E+2	2.615E+2	3.898E+2
0.000E+0	0.000E+0	-2.872E+2	2.366E+2	-2.692E+1	3.324E+1	3.659E+0	1.107E+2
0.000E+0	0.000E+0	1.630E+2	2.046E+2	1.289E+2	7.187E+1	-6.390E+1	6.766E+1
0.000E+0	0.000E+0	-6.632E-1	-2.843E+1	1.301E+2	1.998E+2	-2.942E+1	9.718E+1
0.000E+0	0.000E+0	1.053E+2	2.187E+1	2.570E+2	1.344E+2	7.852E+1	9.639E+1
0.000E+0	0.000E+0	-1.937E+2	-1.997E+1	-2.681E+1	1.804E+2	-2.784E+2	3.530E+1
0.000E+0	0.000E+0	1.053E+2	-2.360E+2	1.717E+2	-4.972E+2	-1.829E+2	-2.314E+1
0.000E+0	0.000E+0	1.617E+2	3.072E+2	8.525E+1	-8.831E+1	1.823E+2	1.468E+2
0.000E+0	0.000E+0	-1.727E+2	4.242E+1	-5.674E+1	-8.097E+1	-2.530E+1	1.069E+2
0.000E+0	0.000E+0	-5.530E+1	-2.467E+2	-8.912E+1	3.621E+1	-1.422E+2	1.461E+2
0.000E+0	0.000E+0	-3.069E+2	-2.606E+2	-3.045E+2	-1.368E+2	-3.293E+2	5.011E+1
0.000E+0	0.000E+0	1.796E+2	-3.058E+1	2.622E+2	-1.239E+2	-1.466E+1	2.887E+2
0.000E+0	0.000E+0	1.136E+2	1.731E+2	2.062E+2	8.327E+1	6.731E+0	-1.229E+2
0.000E+0	0.000E+0	-2.424E+1	1.800E+1	5.536E+1	2.656E+2	-1.403E+2	1.311E+1
0.000E+0	0.000E+0	5.127E+2	1.775E+2	-2.637E+1	7.467E+1	-1.258E+2	2.949E+2
0.000E+0	0.000E+0	-1.809E+2	2.908E+2	-2.036E+2	1.974E+2	-3.237E+1	-4.048E+1
0.000E+0	0.000E+0	-7.387E+1	-3.723E+2	-2.413E+2	-2.200E+2	-2.534E+2	-2.566E+2
0.000E+0	0.000E+0	4.662E+2	-3.132E+2	3.363E+1	3.116E+2	1.803E+2	2.930E+2
0.000E+0	0.000E+0	-5.498E+1	-7.842E+1	4.337E+2	1.862E+2	-8.100E+0	2.692E+2
0.000E+0	0.000E+0	4.831E+1	-1.620E+2	7.709E+1	-2.692E+2	-7.488E+0	1.889E+2
0.000E+0	0.000E+0	8.155E+1	1.777E+2	1.841E+1	7.046E+1	9.487E+0	4.641E+2
0.000E+0	0.000E+0	-1.308E+2	-1.755E+2	3.066E+2	2.533E+2	2.351E+2	1.996E+2
0.000E+0	0.000E+0	1.776E+2	2.081E+2	2.183E+1	3.628E+2	1.714E+2	4.503E+2
0.000E+0	0.000E+0	7.074E+1	1.385E+2	3.121E+1	-8.855E+1	-1.712E+2	-1.144E+2
0.000E+0	0.000E+0	3.597E+2	2.064E+2	4.390E+1	3.504E+2	3.325E+2	6.458E+1
0.000E+0	0.000E+0	-9.916E+1	2.246E+2	-7.439E+1	7.553E+1	-1.139E+2	-7.490E+1
0.000E+0	0.000E+0	-2.212E+2	5.263E+1	1.776E+2	4.285E+2	-7.014E+1	2.864E+2
0.000E+0	0.000E+0	-4.574E+2	-1.481E+2	-1.604E+2	-2.799E+2	-3.124E+2	-2.256E+2
0.000E+0	0.000E+0	8.007E+1	6.038E+2	1.745E+2	2.926E+2	-4.516E+1	1.974E+2
0.000E+0	0.000E+0	-6.189E-1	3.276E+2	-8.174E+1	4.093E+1	-3.004E+2	-8.796E+0
0.000E+0	0.000E+0	1.312E+2	-3.545E+1	1.287E+2	1.715E+2	1.662E+2	4.379E+2
0.000E+0	0.000E+0	8.250E+1	9.756E+1	5.014E+2	1.386E+2	3.629E+2	2.606E+2
0.000E+0	0.000E+0	-2.530E+2	-2.117E+1	-2.526E+2	-2.859E+2	-4.007E+2	-3.922E+2
0.000E+0	0.000E+0	-2.653E+2	-1.181E+2	2.833E+1	-4.142E+1	-1.156E+2	7.200E+1
0.000E+0	0.000E+0	-2.426E+2	-7.958E+1	-1.578E+2	-2.228E+2	-2.038E+2	-2.133E+2
0.000E+0	0.000E+0	-2.067E+2	7.754E+1	2.326E+1	1.820E+1	-1.662E+2	-4.361E+1
0.000E+0	0.000E+0	-1.160E+2	-3.215E+2	4.034E+2	-1.319E+2	-4.709E+1	2.920E+2
0.000E+0	0.000E+0	-1.109E+2	6.656E+1	1.791E+2	1.410E+2	5.471E+1	3.139E+2
0.000E+0	0.000E+0	-2.397E+2	-9.965E+1	-2.982E+1	-1.208E+2	-1.798E+2	-1.522E+2
0.000E+0	0.000E+0	1.894E+2	-5.830E+1	1.021E+1	1.278E+2	-5.243E+1	1.634E+1
0.000E+0	0.000E+0	4.832E+1	-2.740E+2	1.485E+2	-2.103E+2	1.904E+2	-1.388E+2
0.000E+0	0.000E+0	3.684E+2	-1.148E+2	4.084E+2	2.825E+2	1.455E+2	1.137E+2
0.000E+0	0.000E+0	2.098E+2	8.224E+1	8.451E+1	1.651E+2	2.212E+2	2.885E+1
0.000E+0	0.000E+0	-8.196E+1	-3.691E+2	-1.445E+2	-2.858E+2	-4.950E+1	-4.867E+1
0.000E+0	0.000E+0	2.337E+1	1.680E+2	5.353E+1	1.670E+2	2.984E+2	2.924E+2
0.000E+0	0.000E+0	-1.441E+2	5.502E+1	-3.998E+1	-4.041E+2	8.077E+1	-1.713E+2
0.000E+0	0.000E+0	-1.254E+2	9.620E+1	-8.981E+1	-1.901E+2	-1.356E+2	-2.390E+2
0.000E+0	0.000E+0	-2.827E+2	1.136E+2	-8.341E+1	-2.862E+2	4.429E+1	1.079E+1
0.000E+0	0.000E+0	-1.231E+2	-1.979E+2	-3.180E+2	-2.960E+2	-3.814E+2	-5.040E+1
0.000E+0	0.000E+0	-1.261E+1	-5.927E+1	-1.546E+2	-2.326E+2	1.679E+2	-8.656E+1
0.000E+0	0.000E+0	2.039E+0	-7.142E+1	-1.361E+2	-4.497E+1	1.116E+2	2.053E+2
0.000E+0	0.000E+0	-6.660E+1	-1.293E+2	-1.129E+2	-9.484E+0	-8.606E+1	-3.452E+1
0.000E+0	0.000E+0	-7.418E+1	-2.350E+2	2.746E+2	1.759E+2	-5.623E+1	5.925E+1
0.000E+0	0.000E+0	-2.460E+2	-1.049E+2	-3.956E+2	1.674E+2	-2.331E+2	-4.453E+1
0.000E+0	0.000E+0	2.826E+2	1.824E+2	3.447E+2	4.872E+2	3.370E+2	2.096E+0
0.000E+0	0.000E+0	9.804E+1	-3.809E+2	1.344E+2	-2.761E+2	-6.521E+1	1.502E+2
0.000E+0	0.000E+0	-1.274E+2	-1.876E+2	-1.811E+2	-2.271E+1	5.117E+1	-1.822E+1
0.000E+0	0.000E+0	3.283E+1	-1.362E+2	8.029E+1	2.032E+2	-1.459E+2	1.699E+2
0.000E+0	0.000E+0	-2.292E+2	-2.584E+2	-7.456E+1	-1.636E+2	-1.559E+2	-1.312E+2
0.000E+0	0.000E+0	5.010E+1	2.678E+2	1.166E+1	2.869E+2	1.993E+2	1.822E+2
0.000E+0	0.000E+0	-2.788E+2	-6.223E+2	-3.673E+2	-4.013E+2	-3.854E+2	-3.303E+2
0.000E+0	0.000E+0	-2.001E+2	-1.499E+2	-4.667E+1	1.123E+2	1.582E-1	9.098E+1
0.000E+0	0.000E+0	-1.400E+1	-3.880E+2	-3.475E+2	-3.913E+2	3.656E+1	-3.294E+2
0.000E+0	0.000E+0	-1.584E+2	-1.261E+2	-1.602E+2	-6.054E+1	-2.644E+2	-1.432E+2
0.000E+0	0.000E+0	1.635E+2	6.114E+1	1.759E+2	1.769E+2	1.235E+2	1.181E+2
0.000E+0	0.000E+0	1.863E+2	-1.397E+1	-1.649E+2	6.541E+1	-1.146E+2	-2.310E+2
0.000E+0	0.000E+0	-4.132E+2	-5.135E+1	-6.117E+1	2.222E+2	1.207E+2	-2.042E+2
0.000E+0	0.000E+0	-5.839E+2	-3.265E+2	-3.170E+2	-4.440E+2	-1.528E+2	-1.761E+2
0.000E+0	0.000E+0	-1.196E+2	-2.713E+1	1.640E+2	9.441E+1	-5.432E+1	-1.461E+1
0.000E+0	0.000E+0	8.051E+1	9.416E+1	3.586E+2	-2.087E+2	3.437E+2	1.798E+2
0.000E+0	0.000E+0	1.387E+2	1.791E+2	3.356E+2	1.052E+2	-7.460E+0	1.833E+2
0.000E+0	0.000E+0	2.237E+1	3.499E+2	1.480E+2	2.972E+1	-6.951E+1	2.151E+2
0.000E+0	0.000E+0	-5.698E+1	-4.539E+1	1.889E+2	7.232E+1	8.257E+0	2.613E+2
0.000E+0	0.000E+0	3.131E+2	-9.286E+1	-1.165E+2	-1.735E+2	8.983E+1	-2.449E+2
0.000E+0	0.000E+0	3.644E+1	-3.808E+2	3.116E+2	7.318E+1	2.885E+2	-1.924E+1
0.000E+0	0.000E+0	4.107E+1	-4.347E+2	-5.773E+2	-1.750E+2	-2.438E+2	-4.860E+2
0.000E+0	0.000E+0	4.133E+2	3.455E+2	4.545E+2	1.806E+2	2.590E+2	2.068E+2
0.000E+0	0.000E+0	-1.309E+2	-1.061E+2	-3.428E+2	-4.079E+2	-2.541E+2	-1.958E+2
0.000E+0	0.000E+0	-4.131E+2	-4.306E+2	-1.019E+2	-1.706E+2	-1.035E+2	-3.348E+2
0.000E+0	0.000E+0	-1.134E+2	-1.597E+2	3.733E+1	-5.123E+2	-1.916E+2	7.114E+1
0.000E+0	0.000E+0	3.272E+2	1.799E+2	4.157E+2	6.100E+2	-4.772E+1	3.524E+2
0.000E+0	0.000E+0	1.283E+2	1.244E+2	-1.855E+1	8.984E+1	6.119E+1	-2.860E+2
0.000E+0	0.000E+0	-1.439E+1	1.680E+2	1.833E+1	1.428E+2	-1.950E+2	1.781E+2
0.000E+0	0.000E+0	-1.234E+2	-2.988E+1	-6.643E+1	-6.765E+1	-2.012E+2	-9.391E+1
0.000E+0	0.000E+0	-2.017E+2	-4.821E+2	1.295E+2	2.774E+1	-3.062E+2	2.906E+1
0.000E+0	0.000E+0	3.599E+1	3.099E+2	1.525E+2	1.371E+2	-4.511E+1	-2.731E+1
0.000E+0	0.000E+0	1.734E+2	-9.986E+1	2.904E+2	-1.716E+2	-8.984E+1	1.534E+2
0.000E+0	0.000E+0	-1.158E+2	-3.456E+2	-2.595E+2	-8.917E+0	-2.553E+1	-2.923E+2
0.000E+0	0.000E+0	-3.870E+2	-5.517E+2	-6.319E+2	-4.516E+2	-5.393E+2	-3.462E+2
0.000E+0	0.000E+0	3.145E+2	-3.069E+1	8.853E+1	1.983E+2	1.439E+2	2.827E+2
0.000E+0	0.000E+0	1.136E+2	3.171E+1	2.861E+1	9.019E+0	1.995E+2	-2.849E+1
0.000E+0	0.000E+0	9.265E+1	2.677E+2	-3.574E+2	-7.798E+1	-2.419E+2	2.526E+2
0.000E+0	0.000E+0	1.651E+2	1.603E+2	-2.348E+2	-6.573E+1	-6.837E+1	-4.452E+1
0.000E+0	0.000E+0	-2.496E+2	2.174E+2	-8.069E+1	1.696E+2	-7.135E+1	1.704E+2
0.000E+0	0.000E+0	3.154E+2	2.954E+2	1.852E+2	4.475E+2	-1.638E+2	2.746E+0
0.000E+0	0.000E+0	-2.578E+2	-4.824E+2	-3.760E+2	-4.631E+2	-3.947E+2	-5.274E+2
0.000E+0	0.000E+0	-1.238E+2	-1.110E+2	-3.224E+1	-1.580E+2	6.828E+1	-1.742E+2
0.000E+0	0.000E+0	1.736E+2	-1.407E+1	-1.879E+2	4.453E+2	-2.473E+2	-2.109E+2
0.000E+0	0.000E+0	2.884E+2	6.286E+1	4.749E+2	-1.928E+2	-1.723E+2	1.149E+1
0.000E+0	0.000E+0	-3.638E+1	-8.532E+0	-6.088E+0	1.754E+1	2.110E+2	1.560E+1
0.000E+0	0.000E+0	1.186E+1	3.200E+2	1.976E+2	4.011E+2	8.627E+1	1.703E+2
0.000E+0	0.000E+0	3.996E+0	-5.420E+1	2.122E+2	1.605E+2	2.562E+2	2.213E+2
0.000E+0	0.000E+0	3.066E+2	-2.430E+1	3.144E+2	2.038E+2	3.172E+2	-1.343E+2
0.000E+0	0.000E+0	-2.392E+2	-1.943E+2	-3.343E+2	-1.162E+2	-2.094E+2	-2.030E+1
0.000E+0	0.000E+0	1.580E+2	4.235E+2	2.453E+2	1.151E+2	1.847E+2	1.637E+2
0.000E+0	0.000E+0	2.313E+2	9.379E+1	1.254E+2	3.147E+2	1.204E+2	1.213E+2
0.000E+0	0.000E+0	8.962E+1	1.321E+2	2.321E+2	7.989E+0	-2.224E+2	-3.189E+2
0.000E+0	0.000E+0	2.289E+1	1.503E+2	-5.708E+1	-1.910E+2	8.357E+1	1.973E+2
0.000E+0	0.000E+0	3.641E+2	2.388E+2	6.340E+2	2.561E+2	2.319E+2	3.011E+2
0.000E+0	0.000E+0	2.420E+2	2.370E+2	1.420E+2	3.634E+2	1.583E+2	2.999E+2
0.000E+0	0.000E+0	2.342E+2	2.558E+2	2.578E+2	3.432E+2	2.248E+2	-5.115E+1
0.000E+0	0.000E+0	-6.823E+1	-1.457E+2	-1.400E+2	-3.477E+2	1.015E+2	-2.541E+2
0.000E+0	0.000E+0	3.928E+2	1.813E+2	4.707E+2	7.391E+1	1.495E+2	-9.160E+1
0.000E+0	0.000E+0	-2.348E+2	-3.475E+2	-1.584E+2	-1.931E+2	-1.541E+2	-3.124E+2
0.000E+0	0.000E+0	1.403E+2	-6.463E+1	-1.596E+2	-1.404E+2	2.796E+2	1.435E+2
0.000E+0	0.000E+0	1.197E+2	4.224E+2	-5.392E+1	1.277E+2	2.095E+2	-1.810E+2
0.000E+0	0.000E+0	6.147E+0	-1.715E+2	-3.692E+2	-2.789E+2	-3.720E+2	-3.709E+2
0.000E+0	0.000E+0	-4.443E+2	-2.376E+1	-5.362E+2	-4.060E+2	-4.649E+2	-2.396E+2
0.000E+0	0.000E+0	-9.583E+1	3.824E+1	2.248E+2	1.566E+2	1.568E+2	-9.138E+1
0.000E+0	0.000E+0	4.872E+1	-2.723E+2	-2.832E+2	-2.552E+2	1.263E+1	5.667E+1
0.000E+0	0.000E+0	7.923E+1	3.703E+2	2.468E+2	2.198E+2	2.117E+2	4.358E+2
0.000E+0	0.000E+0	1.397E+2	-2.579E+2	-1.938E+2	-2.667E+2	-3.386E+1	-5.514E+1
0.000E+0	0.000E+0	-1.332E+1	4.052E+1	4.264E+1	-1.662E+2	-4.668E+1	4.145E+1
0.000E+0	0.000E+0	1.499E+2	-3.102E+1	7.633E+1	1.047E+2	3.579E+2	1.205E+2
0.000E+0	0.000E+0	-5.447E+1	-3.219E+2	-3.863E+2	-4.425E+2	-3.755E+2	-2.268E+2
0.000E+0	0.000E+0	-1.233E+1	-2.886E+2	-6.196E+1	-3.988E+2	-6.104E+1	-1.290E+2
0.000E+0	0.000E+0	1.270E+2	-1.020E+2	2.941E+1	1.754E+2	3.161E+2	-7.896E+1
0.000E+0	0.000E+0	-9.926E+1	2.875E+2	8.019E+1	1.771E+2	1.319E+2	1.386E+2
0.000E+0	0.000E+0	-1.302E+1	5.404E+1	1.910E+2	-7.355E+1	2.740E+2	-1.400E+1
0.000E+0	0.000E+0	2.531E+2	1.534E+2	2.475E+2	3.021E+2	4.586E+2	9.237E+1
0.000E+0	0.000E+0	1.465E+2	2.888E+2	-7.514E+1	-3.249E+0	-2.269E+2	-1.076E+2
0.000E+0	0.000E+0	-6.865E+1	-1.940E+2	9.019E+1	-1.175E+2	2.359E+2	1.328E+2
0.000E+0	0.000E+0	-3.386E+2	-4.742E+2	-4.094E+2	-3.160E+2	-3.904E+2	-5.538E+2
0.000E+0	0.000E+0	-4.276E+1	-2.416E+2	3.638E+1	-5.142E+1	-8.460E+1	1.123E+2
0.000E+0	0.000E+0	3.696E+2	4.508E+1	-1.658E+2	4.844E+2	2.344E+2	1.480E+2
0.000E+0	0.000E+0	-1.426E+2	-2.425E+2	-6.266E+1	-1.796E+2	-1.191E+2	-2.603E+2
0.000E+0	0.000E+0	-2.143E+2	-1.749E+2	-1.812E+2	-1.385E+2	2.443E+2	5.668E+1
0.000E+0	0.000E+0	3.076E+2	1.951E+2	-5.929E+1	1.476E+2	8.737E+1	-4.706E+1
0.000E+0	0.000E+0	-3.774E+1	1.653E+2	-4.981E+1	1.141E+2	2.637E+2	1.784E+2
0.000E+0	0.000E+0	1.846E+2	8.022E+1	2.783E+2	5.914E+2	5.187E+1	-5.272E+1
0.000E+0	0.000E+0	3.896E+2	5.856E+2	4.562E+2	1.296E+2	6.149E+2	3.851E+2
0.000E+0	0.000E+0	1.734E+1	6.048E+0	1.303E+2	-7.247E+1	1.533E+2	3.737E+1
0.000E+0	0.000E+0	5.684E+1	2.983E+2	-1.971E+1	2.083E+1	-2.694E+2	-2.182E+2
0.000E+0	0.000E+0	-1.782E+2	-3.361E+2	-9.225E+1	-2.009E+2	-3.148E+1	4.398E+0
0.000E+0	0.000E+0	1.001E+2	1.275E+2	1.019E+2	7.581E+1	-2.337E+2	-1.729E+2
0.000E+0	0.000E+0	-4.076E+1	-2.481E+2	-2.426E+2	-2.236E+2	-3.262E+2	7.437E+1
0.000E+0	0.000E+0	3.685E+2	2.300E+2	2.346E+2	2.123E+2	4.010E+2	2.760E+2
0.000E+0	0.000E+0	-1.176E+2	-3.116E+2	-2.546E+2	-1.241E+2	-3.646E+2	-2.716E+2
0.000E+0	0.000E+0	-2.980E+2	-1.430E+2	-2.455E+2	-1.152E+2	-1.218E+2	-1.062E+2
0.000E+0	0.000E+0	2.459E+2	2.995E+1	2.780E+2	2.896E+2	-3.925E+1	-2.524E+2
0.000E+0	0.000E+0	-2.700E+2	-1.870E+2	-2.360E+2	-1.163E+1	-2.539E+2	-7.396E+1
0.000E+0	0.000E+0	2.340E+2	7.089E+1	2.274E+2	3.094E+2	1.209E+2	3.194E+2
0.000E+0	0.000E+0	2.613E+1	1.131E+2	-1.790E+2	2.297E+2	4.522E+2	1.554E+2
0.000E+0	0.000E+0	-3.655E+2	-3.965E+2	-2.339E+2	-2.209E+2	-4.743E+1	1.040E+2
0.000E+0	0.000E+0	1.578E+2	-1.276E+2	1.083E+2	3.882E+1	3.678E+1	-1.669E+2
0.000E+0	0.000E+0	-3.885E+1	2.930E+2	-9.178E+1	1.804E+2	3.028E+2	3.263E+2
0.000E+0	0.000E+0	-5.635E+1	-1.148E+2	4.687E+1	-8.648E+1	1.126E+2	-6.579E+1
0.000E+0	0.000E+0	1.738E+2	1.459E+2	3.268E+2	4.581E+1	-3.450E+2	-1.654E+2
0.000E+0	0.000E+0	-1.856E+2	4.190E+2	1.694E+2	4.177E+2	3.649E+2	4.165E+2
0.000E+0	0.000E+0	1.735E+2	1.737E+2	2.521E+2	2.491E+2	-6.033E+1	2.144E+2
0.000E+0	0.000E+0	-4.722E+2	-1.602E+2	-1.393E+2	-2.246E+2	-1.875E+2	-7.429E+1
0.000E+0	0.000E+0	-1.801E+2	-5.892E+1	-2.181E+2	1.738E+2	1.434E+2	-4.917E+1
0.000E+0	0.000E+0	-3.660E+1	2.514E+2	1.421E+2	3.183E+2	-1.059E+2	-1.450E+2
0.000E+0	0.000E+0	-2.829E+2	-5.180E+2	-2.612E+2	-5.949E+2	-3.195E+2	-2.495E+2
0.000E+0	0.000E+0	3.184E+2	2.748E+2	1.194E+2	1.508E+2	6.633E+1	4.635E+1
0.000E+0	0.000E+0	-1.148E+1	-4.187E+1	-2.848E+2	-1.559E+1	-1.925E+2	-2.618E+2
0.000E+0	0.000E+0	3.224E+2	4.197E+2	-1.184E+2	-2.199E+1	1.076E+2	9.616E+1
0.000E+0	0.000E+0	1.792E+2	-8.207E+1	2.045E+2	3.134E+2	1.614E+2	1.452E+2
0.000E+0	0.000E+0	2.382E+1	1.519E+2	3.226E+2	2.984E+2	-6.323E+0	-9.415E+1
0.000E+0	0.000E+0	-5.800E+1	-2.105E+2	-1.958E+2	7.065E+1	-1.664E+2	-1.834E+2
0.000E+0	0.000E+0	-1.784E+2	-2.136E+2	-3.333E+2	-1.742E+2	-1.137E+2	-1.004E+2
0.000E+0	0.000E+0	1.987E+2	1.151E+2	2.956E+2	-2.074E+1	-2.033E+2	2.485E+2
0.000E+0	0.000E+0	-1.375E+2	9.988E+0	-2.609E+2	2.179E+1	-2.817E+2	-4.002E+2
0.000E+0	0.000E+0	-1.640E+2	5.510E+1	3.743E+1	-1.478E+2	3.733E+2	2.600E+2
0.000E+0	0.000E+0	-1.600E+2	-7.091E+1	-1.389E+2	-2.155E+2	1.404E+2	6.110E+1
0.000E+0	0.000E+0	-1.893E+2	3.789E+1	-2.532E+2	-1.746E+1	-1.026E+2	-1.651E+2
0.000E+0	0.000E+0	2.164E+1	4.556E+2	3.292E+2	9.929E+1	1.824E+2	6.342E+1
0.000E+0	0.000E+0	3.394E+2	-3.673E+2	-5.305E+1	2.716E+2	1.700E+2	-2.791E+2
0.000E+0	0.000E+0	-3.548E+2	-2.161E+2	-3.735E+2	-1.534E+2	-3.624E+2	-1.799E+2
0.000E+0	0.000E+0	-2.078E+2	-1.083E+2	-1.126E+2	3.339E+2	1.790E+1	-5.558E+2
0.000E+0	0.000E+0	-3.118E+2	-8.685E+0	1.191E+2	7.524E-1	-6.620E+1	-3.169E+2
0.000E+0	0.000E+0	6.104E+1	7.671E+1	9.919E+0	9.830E+1	2.374E+2	1.110E+2
0.000E+0	0.000E+0	7.639E+1	-1.563E+2	-3.310E+2	-1.456E+2	-1.637E+2	-1.577E+2
0.000E+0	0.000E+0	1.002E+2	2.232E+2	1.253E+2	1.600E+2	3.966E+2	2.898E+1
0.000E+0	0.000E+0	3.064E+2	9.904E+1	1.935E+2	1.026E+2	6.326E+1	2.205E+1
0.000E+0	0.000E+0	2.729E+2	2.836E+1	-8.073E+1	-2.101E+1	3.221E+2	-1.272E+1
0.000E+0	0.000E+0	1.783E+2	3.449E+2	1.330E+2	1.138E+2	1.191E+2	2.183E+2
0.000E+0	0.000E+0	6.432E+1	-5.742E+1	-1.381E+2	1.005E+2	-2.111E+2	-8.084E+1
