Voltage(V)	Current(A)	J(mA/cm2)	PE(lm/W)	EQE(%)	L(cd/m2)
-9.99954E-1	-1.18173E-6	-7.38581E-3	-1.80625E+1	-2.20750E+0	-4.24625E-1
-7.99969E-1	-7.31200E-7	-4.57000E-3	1.46973E+1	9.98884E+0	1.71032E-1
-5.99951E-1	-4.11631E-7	-2.57269E-3	1.07226E+2	2.35050E+1	5.26809E-1
-3.99935E-1	-1.99039E-7	-1.24399E-3	1.23693E+2	3.97926E+0	1.95885E-1
-1.99982E-1	-7.21029E-8	-4.50643E-4	3.84386E+2	1.58294E+2	1.10266E-1
1.11127E-4	2.16198E-8	1.35124E-4	-7.19292E+6	1.02685E+3	-3.43801E-1
2.00105E-1	8.31183E-8	5.19489E-4	9.48446E+2	2.00660E+2	3.13832E-1
4.00037E-1	1.67419E-7	1.04637E-3	-2.34785E+2	-6.99488E+1	-3.12827E-1
6.00030E-1	3.46718E-7	2.16699E-3	2.20911E+1	-4.06352E+0	9.14317E-2
8.00040E-1	6.23898E-7	3.89936E-3	2.43419E+0	4.46197E+0	2.41719E-2
1.00005E+0	1.01722E-6	6.35763E-3	3.20463E+1	1.95211E+1	6.48552E-1
1.20005E+0	1.57124E-6	9.82025E-3	9.50684E-1	-3.71146E+0	3.56622E-2
1.40006E+0	2.37431E-6	1.48394E-2	4.27571E+0	7.50869E+0	2.82763E-1
1.60006E+0	3.56231E-6	2.22644E-2	-5.67359E-1	4.20890E+0	-6.43363E-2
1.80004E+0	5.20243E-6	3.25152E-2	1.58095E+0	1.73071E+0	2.94535E-1
2.00003E+0	7.85732E-6	4.91082E-2	-1.94261E+0	-1.50795E+0	-6.07333E-1
2.20047E+0	1.09930E-5	6.87062E-2	-1.07909E+0	-1.86882E+0	-5.19301E-1
2.40044E+0	1.45048E-5	9.06550E-2	4.63586E-1	6.09771E-1	3.21117E-1
2.60040E+0	2.01082E-5	1.25676E-1	-3.45454E-1	2.36275E-2	-3.59363E-1
2.80036E+0	2.13760E-4	1.33600E+0	2.40150E-5	-2.63144E-3	2.85992E-4
3.00033E+0	2.47575E-4	1.54734E+0	3.77048E-2	-2.04416E-2	5.57190E-1
3.20031E+0	6.09932E-4	3.81208E+0	1.41726E-2	9.85441E-3	5.50368E-1
3.40024E+0	7.99496E-4	4.99685E+0	3.13024E-2	3.58100E-2	1.69291E+0
3.60028E+0	9.36382E-4	5.85239E+0	2.87200E-2	2.48696E-2	1.92621E+0
3.80026E+0	9.26745E-4	5.79216E+0	6.32449E-2	3.53796E-2	4.43128E+0
4.00036E+0	1.18528E-3	7.40800E+0	9.25129E-2	3.82953E-2	8.72675E+0
4.20028E+0	1.19454E-3	7.46587E+0	1.52396E-1	6.66589E-2	1.52119E+1
4.40018E+0	1.22628E-3	7.66425E+0	2.30834E-1	1.19234E-1	2.47794E+1
4.60023E+0	1.23341E-3	7.70881E+0	3.46617E-1	1.55512E-1	3.91262E+1
4.80057E+0	1.34041E-3	8.37756E+0	4.42414E-1	2.02831E-1	5.66355E+1
5.00048E+0	1.44950E-3	9.05937E+0	5.52185E-1	2.67917E-1	7.96241E+1
5.20053E+0	1.69472E-3	1.05920E+1	5.80617E-1	2.89540E-1	1.01804E+2
5.40051E+0	1.81464E-3	1.13415E+1	6.74325E-1	3.66299E-1	1.31469E+2
5.60046E+0	1.99652E-3	1.24782E+1	7.17545E-1	4.10886E-1	1.59616E+2
5.80055E+0	2.26355E-3	1.41472E+1	7.42100E-1	4.28811E-1	1.93844E+2
6.00055E+0	2.56616E-3	1.60385E+1	7.29670E-1	4.39398E-1	2.23528E+2
6.20050E+0	2.91728E-3	1.82330E+1	7.23802E-1	4.42511E-1	2.60468E+2
6.40050E+0	3.32817E-3	2.08011E+1	6.98126E-1	4.53816E-1	2.95858E+2
6.60050E+0	3.79821E-3	2.37388E+1	6.78102E-1	4.54475E-1	3.38206E+2
6.80045E+0	4.25619E-3	2.66012E+1	6.58515E-1	4.47558E-1	3.79188E+2
7.00039E+0	4.76820E-3	2.98013E+1	6.41151E-1	4.53792E-1	4.25762E+2
7.20044E+0	5.35646E-3	3.34779E+1	6.13173E-1	4.47977E-1	4.70490E+2
7.40044E+0	5.98380E-3	3.73987E+1	5.92334E-1	4.43750E-1	5.21833E+2
7.60047E+0	6.68246E-3	4.17654E+1	5.63531E-1	4.35300E-1	5.69410E+2
7.80042E+0	7.43877E-3	4.64923E+1	5.40434E-1	4.28325E-1	6.23867E+2
8.00040E+0	8.24116E-3	5.15073E+1	5.14661E-1	4.18272E-1	6.75074E+2
8.20035E+0	9.09441E-3	5.68401E+1	4.94548E-1	4.12046E-1	7.33746E+2
8.40036E+0	9.99614E-3	6.24759E+1	4.72124E-1	4.03123E-1	7.88709E+2
8.60031E+0	1.09528E-2	6.84550E+1	4.54731E-1	3.97347E-1	8.52165E+2
8.80034E+0	1.19624E-2	7.47650E+1	4.36274E-1	3.89427E-1	9.13708E+2
9.00033E+0	1.30375E-2	8.14844E+1	4.16092E-1	3.82097E-1	9.71341E+2
9.20023E+0	1.41428E-2	8.83925E+1	4.01180E-1	3.76253E-1	1.03849E+3
9.40029E+0	1.53103E-2	9.56894E+1	3.84135E-1	3.67888E-1	1.09987E+3
9.60062E+0	1.65246E-2	1.03279E+2	3.70288E-1	3.64491E-1	1.16869E+3
9.80051E+0	1.77936E-2	1.11210E+2	3.56013E-1	3.57207E-1	1.23512E+3
1.00005E+1	1.91241E-2	1.19526E+2	3.41083E-1	3.48193E-1	1.29776E+3
1.01146E+1	2.00024E-2	1.25015E+2	3.32465E-1	3.43436E-1	1.33816E+3
