Voltage(V)	Current(A)	J(mA/cm2)	PE(lm/W)	EQE(%)	L(cd/m2)
-9.99977E-1	-2.37179E-6	-1.48237E-2	-6.76624E+0	9.28907E+0	-3.19260E-1
-7.99993E-1	-1.52091E-6	-9.50569E-3	-4.95271E+1	6.73532E+0	-1.19884E+0
-5.99965E-1	-9.34056E-7	-5.83785E-3	-1.65372E+1	2.32792E+1	-1.84370E-1
-3.99957E-1	-4.81587E-7	-3.00992E-3	-1.97122E+2	2.93274E+1	-7.55360E-1
-2.00008E-1	-1.79296E-7	-1.12060E-3	-4.74579E+2	2.20031E+2	-3.38577E-1
4.70638E-5	3.88348E-10	2.42718E-6	-1.01924E+9	1.78890E+4	-3.70607E-1
2.00044E-1	1.96432E-7	1.22770E-3	-6.22296E+2	8.04262E+1	-4.86480E-1
3.99990E-1	5.14392E-7	3.21495E-3	-1.70452E+2	3.87653E+1	-6.97711E-1
5.99983E-1	9.76248E-7	6.10155E-3	-2.34015E+1	1.67660E+1	-2.72692E-1
7.99998E-1	1.55772E-6	9.73575E-3	-2.58217E+1	5.84377E+0	-6.40166E-1
9.99997E-1	2.41724E-6	1.51078E-2	-1.19625E+1	1.00731E+1	-5.75270E-1
1.20001E+0	3.37268E-6	2.10793E-2	-1.07815E+1	1.13284E+1	-8.68101E-1
1.40001E+0	4.62817E-6	2.89261E-2	-1.00520E+1	4.70683E+0	-1.29576E+0
1.60001E+0	6.44400E-6	4.02750E-2	-5.10261E+0	5.74924E+0	-1.04665E+0
1.79999E+0	8.03057E-6	5.01911E-2	-3.02348E+0	5.63519E-2	-8.69468E-1
1.99999E+0	1.08961E-5	6.81006E-2	-2.05019E+0	1.23524E+0	-8.88841E-1
2.20009E+0	1.42956E-5	8.93475E-2	-2.10088E+0	1.29846E-1	-1.31454E+0
2.40005E+0	4.46209E-4	2.78881E+0	-3.50022E-2	5.58547E-2	-7.45734E-1
2.59998E+0	5.38407E-4	3.36504E+0	-2.98312E-2	7.78291E-2	-8.30770E-1
2.79998E+0	3.80394E-4	2.37746E+0	-4.12638E-2	7.73216E-2	-8.74356E-1
2.99989E+0	3.81798E-4	2.38624E+0	-3.17891E-2	4.47893E-2	-7.24349E-1
3.19992E+0	5.67624E-4	3.54765E+0	6.17651E-3	6.67933E-2	2.23189E-1
3.39993E+0	6.68373E-4	4.17733E+0	-9.70591E-3	2.26893E-2	-4.38789E-1
3.60002E+0	1.43533E-3	8.97081E+0	5.11736E-3	2.57634E-2	5.26057E-1
3.79997E+0	1.75936E-3	1.09960E+1	5.60367E-3	1.78882E-2	7.45311E-1
3.99986E+0	1.91756E-3	1.19848E+1	8.86477E-3	2.20145E-2	1.35267E+0
4.19985E+0	1.50562E-3	9.41012E+0	3.69276E-2	4.15706E-2	4.64547E+0
4.39979E+0	1.49705E-3	9.35656E+0	6.69928E-2	4.68632E-2	8.77863E+0
4.59980E+0	1.25437E-3	7.83981E+0	1.32175E-1	7.49790E-2	1.51721E+1
4.80011E+0	1.44965E-3	9.06031E+0	1.64403E-1	9.90696E-2	2.27590E+1
5.00009E+0	1.52724E-3	9.54525E+0	2.20874E-1	1.31806E-1	3.35553E+1
5.20010E+0	1.65005E-3	1.03128E+1	2.73815E-1	1.64049E-1	4.67407E+1
5.40009E+0	1.71018E-3	1.06886E+1	3.40242E-1	2.09366E-1	6.25116E+1
5.60002E+0	1.84438E-3	1.15274E+1	3.77498E-1	2.19667E-1	7.75683E+1
5.80010E+0	1.99691E-3	1.24807E+1	4.13669E-1	2.56045E-1	9.53184E+1
6.00006E+0	2.28642E-3	1.42901E+1	4.12753E-1	2.68587E-1	1.12650E+2
6.20012E+0	2.60294E-3	1.62684E+1	4.15888E-1	2.76778E-1	1.33528E+2
6.40016E+0	2.96463E-3	1.85289E+1	4.07601E-1	2.71501E-1	1.53861E+2
6.60010E+0	3.37710E-3	2.11069E+1	3.96624E-1	2.71854E-1	1.75875E+2
6.80006E+0	3.80323E-3	2.37702E+1	3.88231E-1	2.74953E-1	1.99749E+2
7.00010E+0	4.32230E-3	2.70144E+1	3.74550E-1	2.72789E-1	2.25454E+2
7.20005E+0	4.90201E-3	3.06376E+1	3.56068E-1	2.60070E-1	2.50019E+2
7.40008E+0	5.48999E-3	3.43124E+1	3.46143E-1	2.58272E-1	2.79765E+2
7.60005E+0	6.16067E-3	3.85042E+1	3.30817E-1	2.57227E-1	3.08150E+2
7.80004E+0	6.85896E-3	4.28685E+1	3.20074E-1	2.55682E-1	3.40672E+2
8.00002E+0	7.60815E-3	4.75509E+1	3.06148E-1	2.50676E-1	3.70707E+2
8.19991E+0	8.44852E-3	5.28032E+1	2.94897E-1	2.46749E-1	4.06434E+2
8.39995E+0	9.31812E-3	5.82382E+1	2.81822E-1	2.42955E-1	4.38843E+2
8.59991E+0	1.02498E-2	6.40613E+1	2.71357E-1	2.39680E-1	4.75861E+2
8.79995E+0	1.12260E-2	7.01625E+1	2.59358E-1	2.34863E-1	5.09724E+2
8.99994E+0	1.22590E-2	7.66188E+1	2.50541E-1	2.33110E-1	5.49925E+2
9.19992E+0	1.33512E-2	8.34450E+1	2.39697E-1	2.27462E-1	5.85729E+2
9.39996E+0	1.44772E-2	9.04825E+1	2.31732E-1	2.22862E-1	6.27374E+2
9.60023E+0	1.56683E-2	9.79269E+1	2.22347E-1	2.18979E-1	6.65371E+2
9.80019E+0	1.69072E-2	1.05670E+2	2.14973E-1	2.17075E-1	7.08631E+2
1.00002E+1	1.82220E-2	1.13887E+2	2.06887E-1	2.13682E-1	7.50012E+2
1.02002E+1	1.95667E-2	1.22292E+2	1.98688E-1	2.08686E-1	7.88912E+2
1.02334E+1	2.00014E-2	1.25009E+2	1.96651E-1	2.07744E-1	8.00769E+2
