Voltage(V)	Current(A)	J(mA/cm2)	PE(lm/W)	EQE(%)	L(cd/m2)
-9.99967E-1	-9.28870E-6	-5.80544E-2	-5.47838E-1	1.05671E+0	-1.01233E-1
-7.99983E-1	-5.28038E-6	-3.30024E-2	1.77143E+0	-7.01561E-1	1.48867E-1
-5.99969E-1	-3.44455E-6	-2.15284E-2	-1.54546E+1	-7.18736E-1	-6.35405E-1
-3.99958E-1	-1.84029E-6	-1.15018E-2	-2.64462E+1	-2.25263E+0	-3.87252E-1
-1.99998E-1	-5.29269E-7	-3.30793E-3	-9.26798E+1	-4.19669E+0	-1.95172E-1
6.50406E-5	9.52220E-10	5.95138E-6	-6.37148E+8	-3.61292E+3	-7.85041E-1
2.00054E-1	3.78337E-7	2.36461E-3	-1.36403E+2	7.05061E+1	-2.05390E-1
4.00011E-1	9.88939E-7	6.18087E-3	3.95754E+1	1.80905E+1	3.11456E-1
6.00006E-1	1.19085E-6	7.44281E-3	1.86360E+1	1.62927E+1	2.64908E-1
8.00020E-1	2.15482E-6	1.34676E-2	1.27791E+0	8.33158E+0	4.38271E-2
1.00002E+0	3.51282E-6	2.19551E-2	-5.01325E+0	-1.14667E-1	-3.50360E-1
1.20003E+0	5.12642E-6	3.20401E-2	-8.68470E-1	2.30746E+0	-1.06290E-1
1.40003E+0	7.33803E-6	4.58627E-2	2.92084E-1	-1.49759E-1	5.96973E-2
1.60004E+0	1.09334E-5	6.83337E-2	-7.92284E-1	-1.05862E+0	-2.75738E-1
1.80001E+0	1.42871E-5	8.92944E-2	-1.33673E+0	-7.13400E-2	-6.83902E-1
2.00000E+0	1.82377E-5	1.13986E-1	-4.98807E-1	5.54498E-1	-3.61961E-1
2.20022E+0	2.16236E-5	1.35148E-1	4.01386E-2	-2.32609E-1	3.79915E-2
2.40019E+0	2.74085E-5	1.71303E-1	-5.08239E-2	2.01704E-1	-6.65165E-2
2.60015E+0	3.29242E-5	2.05776E-1	-1.83550E-1	-2.25231E-1	-3.12606E-1
2.80010E+0	2.19851E-4	1.37407E+0	1.51218E-2	-3.54948E-3	1.85198E-1
3.00003E+0	2.90283E-4	1.81427E+0	1.39575E-3	2.45036E-2	2.41816E-2
3.20013E+0	2.89050E-4	1.80656E+0	5.66688E-2	1.89937E-2	1.04283E+0
3.40008E+0	2.95107E-4	1.84442E+0	8.73211E-2	1.09897E-1	1.74308E+0
3.60009E+0	3.70351E-4	2.31469E+0	1.24675E-1	7.38303E-2	3.30701E+0
3.80008E+0	4.20566E-4	2.62854E+0	1.77171E-1	4.73636E-2	5.63314E+0
4.00017E+0	2.32837E-4	1.45523E+0	5.91503E-1	3.02451E-1	1.09602E+1
4.20005E+0	2.30098E-4	1.43811E+0	8.33389E-1	4.51351E-1	1.60230E+1
4.39995E+0	2.89314E-4	1.80821E+0	8.31266E-1	4.73322E-1	2.10517E+1
4.59992E+0	3.62872E-4	2.26795E+0	8.04280E-1	4.77386E-1	2.67080E+1
4.80027E+0	4.43378E-4	2.77111E+0	7.96467E-1	4.55679E-1	3.37239E+1
5.00026E+0	5.39889E-4	3.37431E+0	7.77590E-1	4.40968E-1	4.17617E+1
5.20024E+0	6.38917E-4	3.99323E+0	8.17383E-1	5.33034E-1	5.40286E+1
5.40024E+0	8.71061E-4	5.44413E+0	7.36745E-1	4.96655E-1	6.89460E+1
5.60023E+0	1.06458E-3	6.65363E+0	6.98473E-1	4.51223E-1	8.28445E+1
5.80036E+0	1.22375E-3	7.64844E+0	7.13111E-1	4.83152E-1	1.00701E+2
6.00031E+0	1.53655E-3	9.60344E+0	6.13019E-1	4.41097E-1	1.12441E+2
6.20033E+0	1.83921E-3	1.14951E+1	5.82967E-1	4.15213E-1	1.32258E+2
6.40037E+0	2.02817E-3	1.26761E+1	5.91203E-1	4.50605E-1	1.52678E+2
6.60030E+0	2.32010E-3	1.45006E+1	5.61570E-1	4.30361E-1	1.71082E+2
6.80031E+0	2.66857E-3	1.66786E+1	5.31432E-1	4.22550E-1	1.91860E+2
7.00027E+0	3.04061E-3	1.90038E+1	5.12379E-1	4.15954E-1	2.16969E+2
7.20026E+0	3.44105E-3	2.15066E+1	4.85817E-1	4.09410E-1	2.39465E+2
7.40026E+0	3.91509E-3	2.44693E+1	4.57367E-1	3.91351E-1	2.63623E+2
7.60024E+0	4.19566E-3	2.62229E+1	4.60317E-1	4.10222E-1	2.92022E+2
7.80027E+0	4.67432E-3	2.92145E+1	4.53203E-1	4.13644E-1	3.28739E+2
8.00023E+0	5.41309E-3	3.38318E+1	4.20471E-1	3.91747E-1	3.62254E+2
8.20015E+0	5.99330E-3	3.74581E+1	4.05175E-1	3.88460E-1	3.96151E+2
8.40017E+0	6.65376E-3	4.15860E+1	3.89562E-1	3.80517E-1	4.33173E+2
8.60016E+0	7.38211E-3	4.61382E+1	3.73954E-1	3.71428E-1	4.72319E+2
8.80023E+0	8.17396E-3	5.10872E+1	3.55994E-1	3.64433E-1	5.09448E+2
9.00020E+0	8.97014E-3	5.60634E+1	3.47847E-1	3.65191E-1	5.58689E+2
9.20012E+0	9.93190E-3	6.20744E+1	3.28483E-1	3.51397E-1	5.97131E+2
9.40019E+0	1.07310E-2	6.70687E+1	3.19272E-1	3.50088E-1	6.40719E+2
9.60045E+0	1.15747E-2	7.23419E+1	3.08966E-1	3.45672E-1	6.83033E+2
9.80045E+0	1.26395E-2	7.89969E+1	2.96771E-1	3.36982E-1	7.31354E+2
1.00004E+1	1.38649E-2	8.66556E+1	2.83868E-1	3.29604E-1	7.83036E+2
1.02005E+1	1.48532E-2	9.28325E+1	2.75464E-1	3.26237E-1	8.30302E+2
1.04004E+1	1.65238E-2	1.03274E+2	2.71531E-1	3.27407E-1	9.28346E+2
1.06004E+1	1.85936E-2	1.16210E+2	2.55577E-1	3.15404E-1	1.00216E+3
1.07474E+1	2.00013E-2	1.25008E+2	2.43781E-1	3.04848E-1	1.04254E+3
