Voltage(V)	Current(A)	J(mA/cm2)	PE(lm/W)	EQE(%)	L(cd/m2)
-9.99971E-1	-2.26705E-6	-1.41691E-2	2.13959E+1	8.58955E+0	9.64959E-1
-7.99991E-1	-1.68967E-6	-1.05604E-2	4.20213E+0	1.57504E+1	1.13002E-1
-5.99967E-1	-1.06588E-6	-6.66175E-3	-1.31835E+1	5.09830E+0	-1.67724E-1
-3.99954E-1	-6.42458E-7	-4.01536E-3	1.04989E+2	-1.04469E+1	5.36698E-1
-2.00007E-1	-2.53466E-7	-1.58416E-3	5.97116E+2	2.32766E+1	6.02218E-1
4.55856E-5	8.67641E-10	5.42276E-6	2.54660E+8	1.91512E+4	2.00382E-1
2.00036E-1	2.92888E-7	1.83055E-3	4.79187E+2	4.92641E+1	5.58528E-1
3.99979E-1	7.44825E-7	4.65516E-3	1.71762E+2	3.10422E+1	1.01800E+0
5.99972E-1	1.26076E-6	7.87975E-3	3.79112E+1	2.24275E+1	5.70508E-1
7.99988E-1	1.87290E-6	1.17056E-2	2.35285E+1	1.16115E+1	7.01329E-1
9.99982E-1	2.57926E-6	1.61204E-2	2.08683E+1	3.03585E+0	1.07079E+0
1.19999E+0	3.39759E-6	2.12349E-2	1.07030E+1	3.27284E+0	8.68131E-1
1.40000E+0	4.32695E-6	2.70434E-2	1.12052E+0	3.19820E+0	1.35039E-1
1.60000E+0	5.44592E-6	3.40370E-2	1.29525E+0	3.49352E+0	2.24530E-1
1.79998E+0	6.52564E-6	4.07853E-2	3.06507E+0	-6.21863E-1	7.16244E-1
1.99997E+0	8.08194E-6	5.05121E-2	8.59415E-1	7.19747E-1	2.76358E-1
2.19995E+0	9.69231E-6	6.05769E-2	-4.04107E-1	1.57285E+0	-1.71422E-1
2.39991E+0	1.24344E-5	7.77150E-2	5.32467E-1	1.43238E-1	3.16113E-1
2.59995E+0	1.57161E-5	9.82256E-2	1.86965E+0	8.16215E-1	1.51985E+0
2.79989E+0	2.33707E-5	1.46067E-1	4.27480E+0	8.20204E-1	5.56491E+0
2.99981E+0	3.70679E-5	2.31674E-1	6.44543E+0	1.52506E+0	1.42585E+1
3.19982E+0	8.97530E-5	5.60956E-1	4.78219E+0	1.66838E+0	2.73232E+1
3.39980E+0	1.88714E-4	1.17946E+0	4.05771E+0	1.48183E+0	5.17927E+1
3.59984E+0	2.24731E-4	1.40457E+0	5.49037E+0	2.04076E+0	8.83646E+1
3.79977E+0	2.95876E-4	1.84922E+0	5.75736E+0	2.26969E+0	1.28772E+2
3.99977E+0	4.28280E-4	2.67675E+0	6.10218E+0	2.54722E+0	2.07959E+2
4.19976E+0	3.84039E-4	2.40024E+0	9.10130E+0	3.91660E+0	2.92034E+2
4.39974E+0	4.63257E-4	2.89536E+0	9.08731E+0	4.12309E+0	3.68480E+2
4.59970E+0	5.56910E-4	3.48069E+0	8.76840E+0	4.14214E+0	4.46853E+2
4.79996E+0	6.74667E-4	4.21667E+0	8.62649E+0	4.29412E+0	5.55765E+2
4.99995E+0	8.34964E-4	5.21853E+0	8.22921E+0	4.23504E+0	6.83474E+2
5.19999E+0	1.02322E-3	6.39513E+0	7.87655E+0	4.19310E+0	8.33754E+2
5.40003E+0	1.22223E-3	7.63894E+0	7.43518E+0	4.12133E+0	9.76272E+2
5.59998E+0	1.43570E-3	8.97312E+0	7.10293E+0	4.07046E+0	1.13610E+3
5.80001E+0	1.66386E-3	1.03991E+1	6.70590E+0	3.99307E+0	1.28746E+3
5.99996E+0	1.79404E-3	1.12127E+1	6.27130E+0	3.86473E+0	1.34298E+3
6.20002E+0	1.91158E-3	1.19474E+1	5.91503E+0	3.77319E+0	1.39467E+3
6.39997E+0	2.01849E-3	1.26156E+1	6.34130E+0	4.17191E+0	1.62972E+3
6.60007E+0	2.86611E-3	1.79132E+1	5.63291E+0	3.82506E+0	2.11985E+3
6.79997E+0	3.22738E-3	2.01711E+1	5.36321E+0	3.75295E+0	2.34160E+3
6.99996E+0	3.56560E-3	2.22850E+1	5.10461E+0	3.67278E+0	2.53467E+3
7.19988E+0	3.97019E-3	2.48137E+1	4.91746E+0	3.63883E+0	2.79645E+3
7.39987E+0	4.41939E-3	2.76212E+1	4.68307E+0	3.55729E+0	3.04682E+3
7.59989E+0	5.01988E-3	3.13742E+1	4.51277E+0	3.52106E+0	3.42510E+3
7.79988E+0	5.85202E-3	3.65751E+1	4.28415E+0	3.42506E+0	3.89035E+3
7.99984E+0	6.49277E-3	4.05798E+1	4.08538E+0	3.35315E+0	4.22157E+3
8.19979E+0	7.13718E-3	4.46074E+1	3.89122E+0	3.27015E+0	4.53049E+3
8.39990E+0	7.88401E-3	4.92751E+1	3.68962E+0	3.17628E+0	4.86108E+3
8.59985E+0	8.70357E-3	5.43973E+1	3.54817E+0	3.12775E+0	5.28352E+3
8.79986E+0	9.50014E-3	5.93759E+1	3.39958E+0	3.06335E+0	5.65407E+3
8.99987E+0	1.03997E-2	6.49981E+1	3.25160E+0	2.99528E+0	6.05459E+3
9.19982E+0	1.13149E-2	7.07181E+1	3.10308E+0	2.92001E+0	6.42619E+3
9.39988E+0	1.23440E-2	7.71500E+1	2.95395E+0	2.84318E+0	6.81887E+3
9.60011E+0	1.36159E-2	8.50994E+1	2.81743E+0	2.76711E+0	7.32665E+3
9.80014E+0	1.47090E-2	9.19312E+1	2.70973E+0	2.71642E+0	7.77091E+3
1.00001E+1	1.60700E-2	1.00437E+2	2.57387E+0	2.63313E+0	8.22881E+3
1.02001E+1	1.74288E-2	1.08930E+2	2.45033E+0	2.55643E+0	8.66614E+3
1.04002E+1	1.88742E-2	1.17964E+2	2.33646E+0	2.48512E+0	9.12426E+3
1.05347E+1	2.00004E-2	1.25003E+2	2.22426E+0	2.39718E+0	9.32344E+3
