Voltage(V)	Current(A)	J(mA/cm2)	PE(lm/W)	EQE(%)	L(cd/m2)
-9.99948E-1	-1.96220E-7	-1.22638E-3	-7.20471E+1	1.17746E+2	-2.81234E-1
-7.99977E-1	-1.19449E-7	-7.46556E-4	-1.64347E+2	2.05753E+2	-3.12430E-1
-5.99960E-1	-6.00731E-8	-3.75457E-4	-4.19007E+2	2.84212E+2	-3.00437E-1
-3.99938E-1	-1.90885E-8	-1.19303E-4	-1.18868E+3	5.30443E+2	-1.80534E-1
-1.99987E-1	6.68998E-9	4.18124E-5	1.25256E+4	5.16409E+3	3.33391E-1
6.66141E-5	2.22332E-8	1.38957E-4	1.28049E+7	8.56613E+2	3.77289E-1
2.00060E-1	3.73240E-8	2.33275E-4	7.63218E+2	9.46569E+2	1.13378E-1
4.00003E-1	6.90357E-8	4.31473E-4	-9.98500E+1	4.10055E+2	-5.48549E-2
5.99973E-1	8.54143E-8	5.33839E-4	-2.09969E+2	4.24350E+2	-2.14066E-1
7.99984E-1	1.64680E-7	1.02925E-3	8.52552E+1	2.61831E+2	2.23446E-1
9.99988E-1	2.74939E-7	1.71837E-3	-1.32776E+2	-1.35228E+1	-7.26240E-1
1.20000E+0	4.26796E-7	2.66747E-3	-4.03922E+0	6.07065E+1	-4.11556E-2
1.40000E+0	6.86577E-7	4.29111E-3	-2.51321E+1	1.38500E+1	-4.80591E-1
1.60000E+0	1.01127E-6	6.32044E-3	-4.27187E+0	1.12961E+1	-1.37510E-1
1.79998E+0	1.74833E-6	1.09271E-2	2.42743E+0	2.26399E+1	1.51973E-1
1.99997E+0	2.59004E-6	1.61878E-2	1.78768E+0	8.90893E+0	1.84226E-1
2.20006E+0	3.98213E-6	2.48883E-2	-2.00874E-1	1.06197E+1	-3.50109E-2
2.40006E+0	1.01241E-3	6.32756E+0	4.76286E-3	4.01032E-2	2.30238E-1
2.60009E+0	9.16661E-4	5.72913E+0	8.33636E-5	2.56293E-2	3.95279E-3
2.79996E+0	8.83059E-4	5.51912E+0	5.87049E-3	3.55916E-2	2.88766E-1
2.99998E+0	1.53278E-3	9.57987E+0	1.07828E-2	8.89901E-3	9.86419E-1
3.19999E+0	1.61884E-3	1.01178E+1	1.00811E-2	1.13516E-2	1.03894E+0
3.39988E+0	5.63315E-4	3.52072E+0	4.93958E-2	8.61676E-2	1.88207E+0
3.60004E+0	4.73640E-4	2.96025E+0	1.16967E-1	8.00976E-2	3.96778E+0
3.79990E+0	2.93520E-4	1.83450E+0	2.69370E-1	1.63450E-1	5.97708E+0
3.99981E+0	3.41475E-4	2.13422E+0	3.10821E-1	2.01698E-1	8.44575E+0
4.19981E+0	4.02024E-4	2.51265E+0	3.58549E-1	2.13386E-1	1.20437E+1
4.39978E+0	4.32581E-4	2.70363E+0	4.28202E-1	2.69608E-1	1.62135E+1
4.59975E+0	5.43666E-4	3.39791E+0	4.43155E-1	2.53564E-1	2.20471E+1
4.80011E+0	6.29913E-4	3.93696E+0	4.70087E-1	2.67160E-1	2.82774E+1
5.00005E+0	7.83248E-4	4.89530E+0	4.65870E-1	3.12816E-1	3.62969E+1
5.20004E+0	9.72076E-4	6.07547E+0	4.57056E-1	2.35086E-1	4.59628E+1
5.40005E+0	1.11459E-3	6.96619E+0	4.87314E-1	2.78101E-1	5.83515E+1
5.60003E+0	1.32915E-3	8.30719E+0	4.79501E-1	2.78535E-1	7.10043E+1
5.80007E+0	1.59047E-3	9.94044E+0	4.68169E-1	2.76111E-1	8.59194E+1
6.00003E+0	1.88441E-3	1.17776E+1	4.65684E-1	2.88442E-1	1.04749E+2
6.20007E+0	2.19853E-3	1.37408E+1	4.63222E-1	2.92384E-1	1.25617E+2
6.40003E+0	2.57053E-3	1.60658E+1	4.54848E-1	2.93068E-1	1.48868E+2
6.60002E+0	3.19829E-3	1.99893E+1	4.13894E-1	2.70266E-1	1.73813E+2
6.80000E+0	3.55958E-3	2.22474E+1	4.24386E-1	2.84982E-1	2.04361E+2
6.99998E+0	4.10528E-3	2.56580E+1	4.16549E-1	2.89973E-1	2.38142E+2
7.19998E+0	4.64187E-3	2.90117E+1	4.14694E-1	2.99735E-1	2.75729E+2
7.39999E+0	5.19873E-3	3.24921E+1	4.16742E-1	2.97828E-1	3.18953E+2
7.59998E+0	5.86833E-3	3.66771E+1	4.08669E-1	3.07138E-1	3.62601E+2
7.79999E+0	6.59398E-3	4.12124E+1	4.03968E-1	3.09987E-1	4.13351E+2
7.99999E+0	7.34198E-3	4.58874E+1	4.00149E-1	3.16489E-1	4.67579E+2
8.19986E+0	8.18923E-3	5.11827E+1	3.93009E-1	3.19170E-1	5.25027E+2
8.39992E+0	9.13694E-3	5.71059E+1	3.83966E-1	3.17958E-1	5.86272E+2
8.59990E+0	1.01529E-2	6.34556E+1	3.79346E-1	3.21499E-1	6.58945E+2
8.79989E+0	1.12263E-2	7.01644E+1	3.68980E-1	3.20546E-1	7.25182E+2
8.99990E+0	1.23639E-2	7.72744E+1	3.61821E-1	3.22025E-1	8.00971E+2
9.19982E+0	1.36117E-2	8.50731E+1	3.53369E-1	3.22036E-1	8.80340E+2
9.39984E+0	1.49150E-2	9.32187E+1	3.46128E-1	3.22362E-1	9.65408E+2
9.60018E+0	1.63004E-2	1.01877E+2	3.39018E-1	3.21150E-1	1.05543E+3
9.80016E+0	1.77942E-2	1.11214E+2	3.30632E-1	3.20621E-1	1.14706E+3
1.00001E+1	1.93906E-2	1.21191E+2	3.23358E-1	3.19406E-1	1.24741E+3
1.00214E+1	2.00019E-2	1.25012E+2	3.18671E-1	3.15578E-1	1.27079E+3
