Voltage(V)	Current(A)	J(mA/cm2)	PE(lm/W)	EQE(%)	L(cd/m2)
-9.99965E-1	-4.96805E-6	-3.10503E-2	-2.65325E+0	2.91118E+0	-2.62228E-1
-7.99988E-1	-3.24048E-6	-2.02530E-2	1.11873E+1	6.44458E+0	5.76965E-1
-5.99966E-1	-1.91056E-6	-1.19410E-2	1.91017E+1	1.89697E+1	4.35602E-1
-3.99943E-1	-9.94398E-7	-6.21499E-3	1.30095E+1	1.45351E+1	1.02931E-1
-2.00000E-1	-3.56574E-7	-2.22859E-3	-6.18278E+1	8.45254E+0	-8.77190E-2
5.15938E-5	1.27923E-10	7.99519E-7	-6.56865E+9	-6.23387E+4	-8.62486E-1
2.00042E-1	2.71750E-7	1.69844E-3	1.06870E+2	-3.60275E+0	1.15578E-1
3.99981E-1	7.07944E-7	4.42465E-3	-9.64173E+0	3.27918E+1	-5.43154E-2
5.99979E-1	1.49380E-6	9.33625E-3	1.99691E+0	1.68105E+1	3.56055E-2
7.99987E-1	2.64679E-6	1.65424E-2	-2.02814E+0	1.11455E+1	-8.54339E-2
9.99990E-1	4.26641E-6	2.66651E-2	8.45711E-1	6.63753E+0	7.17812E-2
1.19999E+0	6.33423E-6	3.95889E-2	2.71392E+0	-8.23062E-1	4.10391E-1
1.40000E+0	8.75754E-6	5.47346E-2	1.95366E+0	3.27178E+0	4.76528E-1
1.60000E+0	1.19289E-5	7.45556E-2	9.42020E-1	3.55806E-1	3.57693E-1
1.79999E+0	1.52494E-5	9.53087E-2	6.06677E-1	1.85112E+0	3.31292E-1
1.99997E+0	1.91050E-5	1.19406E-1	-6.93740E-2	1.08009E+0	-5.27348E-2
2.20005E+0	2.29915E-5	1.43697E-1	-9.05554E-2	4.93007E-1	-9.11264E-2
2.40000E+0	2.77571E-5	1.73482E-1	4.25669E-2	5.54401E-1	5.64141E-2
2.60000E+0	3.33938E-5	2.08711E-1	3.71545E-1	5.45303E-1	6.41772E-1
2.79993E+0	4.28102E-5	2.67564E-1	9.43610E-2	-1.32070E-1	2.25018E-1
2.99985E+0	1.53981E-4	9.62381E-1	3.75974E-2	5.29992E-2	3.45505E-1
3.19992E+0	1.95966E-4	1.22479E+0	6.24701E-2	2.25809E-1	7.79331E-1
3.39983E+0	1.47432E-4	9.21450E-1	9.89542E-2	1.60732E-1	9.86764E-1
3.59992E+0	1.31703E-4	8.23144E-1	8.56299E-2	2.68011E-2	8.07689E-1
3.79986E+0	1.34749E-4	8.42181E-1	1.53082E-1	9.76912E-2	1.55937E+0
3.99985E+0	1.70118E-4	1.06324E+0	2.25305E-1	2.39891E-1	3.04996E+0
4.19980E+0	2.13414E-4	1.33384E+0	1.74723E-1	4.11703E-2	3.11552E+0
4.39982E+0	2.67118E-4	1.66949E+0	1.79536E-1	1.11344E-1	4.19779E+0
4.59975E+0	3.26055E-4	2.03784E+0	1.86227E-1	8.12364E-2	5.55646E+0
4.80011E+0	4.04086E-4	2.52554E+0	2.01399E-1	1.05296E-1	7.77162E+0
5.00007E+0	4.91541E-4	3.07213E+0	2.00005E-1	1.22493E-1	9.77926E+0
5.20006E+0	5.91590E-4	3.69744E+0	1.98219E-1	1.30281E-1	1.21312E+1
5.40002E+0	7.02708E-4	4.39192E+0	2.01482E-1	1.39191E-1	1.52103E+1
5.60000E+0	8.29007E-4	5.18129E+0	1.94191E-1	1.06516E-1	1.79352E+1
5.80009E+0	9.75279E-4	6.09549E+0	1.92667E-1	1.12609E-1	2.16821E+1
6.00007E+0	1.13760E-3	7.11000E+0	1.96747E-1	1.45351E-1	2.67168E+1
6.20013E+0	1.31601E-3	8.22506E+0	1.88083E-1	1.15386E-1	3.05309E+1
6.40014E+0	1.51097E-3	9.44356E+0	1.85549E-1	1.21865E-1	3.56972E+1
6.60011E+0	1.72846E-3	1.08029E+1	1.83667E-1	1.36144E-1	4.16843E+1
6.80008E+0	1.96865E-3	1.23041E+1	1.84064E-1	1.31376E-1	4.90209E+1
7.00001E+0	2.23291E-3	1.39557E+1	1.79936E-1	1.37347E-1	5.59524E+1
7.20001E+0	2.51817E-3	1.57386E+1	1.76984E-1	1.30520E-1	6.38386E+1
7.40002E+0	2.82632E-3	1.76645E+1	1.75726E-1	1.30260E-1	7.31173E+1
7.59999E+0	3.16388E-3	1.97742E+1	1.73402E-1	1.30661E-1	8.29502E+1
7.80000E+0	3.53122E-3	2.20701E+1	1.72311E-1	1.39988E-1	9.44198E+1
7.99996E+0	3.91631E-3	2.44769E+1	1.69187E-1	1.39394E-1	1.05454E+2
8.19987E+0	4.33385E-3	2.70866E+1	1.66823E-1	1.41781E-1	1.17942E+2
8.39995E+0	4.78166E-3	2.98854E+1	1.64172E-1	1.41446E-1	1.31185E+2
8.59993E+0	5.25107E-3	3.28192E+1	1.62438E-1	1.37162E-1	1.45935E+2
8.79990E+0	5.77177E-3	3.60736E+1	1.60939E-1	1.44832E-1	1.62621E+2
8.99990E+0	6.30865E-3	3.94291E+1	1.59418E-1	1.43732E-1	1.80070E+2
9.19985E+0	6.88534E-3	4.30334E+1	1.56843E-1	1.48298E-1	1.97652E+2
9.39986E+0	7.49705E-3	4.68566E+1	1.55134E-1	1.46937E-1	2.17495E+2
9.60014E+0	8.17576E-3	5.10985E+1	1.52633E-1	1.47336E-1	2.38333E+2
9.80013E+0	8.87327E-3	5.54579E+1	1.50587E-1	1.47635E-1	2.60515E+2
1.00001E+1	9.61711E-3	6.01069E+1	1.48717E-1	1.49092E-1	2.84537E+2
1.02001E+1	1.04248E-2	6.51550E+1	1.47105E-1	1.50376E-1	3.11194E+2
1.04001E+1	1.12681E-2	7.04256E+1	1.44819E-1	1.51993E-1	3.37631E+2
1.06001E+1	1.21716E-2	7.60725E+1	1.43673E-1	1.53244E-1	3.68776E+2
1.08000E+1	1.32471E-2	8.27944E+1	1.40225E-1	1.51048E-1	3.99118E+2
1.10001E+1	1.42755E-2	8.92219E+1	1.40219E-1	1.53935E-1	4.38052E+2
1.12001E+1	1.57363E-2	9.83519E+1	1.36299E-1	1.52413E-1	4.77913E+2
1.14002E+1	1.69868E-2	1.06167E+2	1.33123E-1	1.51500E-1	5.12872E+2
1.16001E+1	1.82215E-2	1.13884E+2	1.31049E-1	1.52767E-1	5.51072E+2
1.18001E+1	1.96750E-2	1.22969E+2	1.28567E-1	1.51109E-1	5.93828E+2
