Voltage(V)	Current(A)	J(mA/cm2)	PE(lm/W)	EQE(%)	L(cd/m2)
-9.99970E-1	-4.43541E-6	-2.77213E-2	-1.67044E+0	-4.60727E+0	-1.47395E-1
-7.99989E-1	-2.92360E-6	-1.82725E-2	-8.96470E+0	-3.54854E+0	-4.17127E-1
-5.99970E-1	-1.79744E-6	-1.12340E-2	-4.08991E+1	5.04416E+0	-8.77461E-1
-3.99956E-1	-9.78225E-7	-6.11391E-3	-3.58719E+1	-1.76015E+1	-2.79213E-1
-2.00010E-1	-3.82161E-7	-2.38851E-3	-4.31179E+2	-2.88425E+1	-6.55671E-1
4.35829E-5	2.47514E-10	1.54696E-6	-9.49882E+8	-3.76601E+4	-2.03852E-1
2.00034E-1	3.51711E-7	2.19819E-3	-2.44925E+2	2.47748E+1	-3.42810E-1
3.99982E-1	8.51356E-7	5.32097E-3	8.82122E+0	-1.86051E+1	5.97600E-2
5.99976E-1	1.57430E-6	9.83937E-3	-1.21715E+1	3.56344E+0	-2.28716E-1
7.99987E-1	2.45897E-6	1.53686E-2	-3.39336E+0	-7.87720E-1	-1.32799E-1
9.99989E-1	3.57891E-6	2.23682E-2	-3.73316E+0	-3.36368E+0	-2.65798E-1
1.19999E+0	5.05082E-6	3.15676E-2	6.36613E+0	5.36909E-1	7.67618E-1
1.39999E+0	6.92240E-6	4.32650E-2	2.71888E+0	5.38706E+0	5.24207E-1
1.59999E+0	9.30488E-6	5.81555E-2	-1.06750E+0	1.82699E-1	-3.16173E-1
1.79997E+0	1.24422E-5	7.77637E-2	3.58017E-1	7.46707E-1	1.59513E-1
1.99997E+0	1.64883E-5	1.03052E-1	-2.66689E-1	1.41626E+0	-1.74958E-1
2.20005E+0	2.12218E-5	1.32636E-1	-2.83696E-1	3.71207E-1	-2.63511E-1
2.39995E+0	2.72806E-5	1.70504E-1	-1.53193E-1	5.76965E-1	-1.99538E-1
2.59998E+0	3.44552E-5	2.15345E-1	-2.58888E-1	-1.45141E-1	-4.61388E-1
2.79992E+0	6.05434E-4	3.78396E+0	7.68793E-3	-1.39221E-2	2.59270E-1
2.99984E+0	5.97518E-4	3.73449E+0	1.29230E-3	-2.85694E-2	4.60833E-2
3.19988E+0	6.03015E-4	3.76884E+0	1.28281E-3	1.26761E-2	4.92441E-2
3.39984E+0	8.33717E-4	5.21073E+0	9.90505E-3	5.18708E-3	5.58553E-1
3.59978E+0	8.20416E-4	5.12760E+0	1.31498E-2	1.01986E-2	7.72608E-1
3.79980E+0	8.90051E-4	5.56282E+0	2.82555E-2	-8.88769E-3	1.90112E+0
3.99974E+0	9.82750E-4	6.14219E+0	6.60145E-2	3.54633E-2	5.16232E+0
4.19979E+0	2.99691E-4	1.87307E+0	2.86564E-1	1.54766E-1	7.17552E+0
4.39978E+0	3.75110E-4	2.34444E+0	2.83656E-1	1.25897E-1	9.31347E+0
4.59974E+0	4.51239E-4	2.82024E+0	3.05902E-1	1.45631E-1	1.26314E+1
4.80004E+0	5.46478E-4	3.41549E+0	2.99014E-1	1.67027E-1	1.56041E+1
5.00007E+0	6.56120E-4	4.10075E+0	2.84251E-1	1.59233E-1	1.85520E+1
5.20005E+0	7.73084E-4	4.83178E+0	2.80677E-1	1.55219E-1	2.24477E+1
5.39999E+0	9.12357E-4	5.70223E+0	2.77869E-1	1.74229E-1	2.72350E+1
5.59998E+0	1.10619E-3	6.91369E+0	2.67638E-1	1.57081E-1	3.29833E+1
5.80008E+0	1.34369E-3	8.39806E+0	2.49045E-1	1.71896E-1	3.86137E+1
6.00002E+0	1.59135E-3	9.94594E+0	2.44365E-1	1.60868E-1	4.64181E+1
6.20003E+0	1.65019E-3	1.03137E+1	2.29837E-1	1.76094E-1	4.67819E+1
6.40011E+0	1.92283E-3	1.20177E+1	2.23895E-1	1.62490E-1	5.48155E+1
6.60003E+0	2.95742E-3	1.84839E+1	1.83352E-1	1.39480E-1	7.11990E+1
6.80004E+0	3.11268E-3	1.94543E+1	2.01120E-1	1.56481E-1	8.46897E+1
6.99997E+0	3.49435E-3	2.18397E+1	1.90911E-1	1.54290E-1	9.29019E+1
7.19998E+0	3.86978E-3	2.41861E+1	2.14639E-1	1.73046E-1	1.18975E+2
7.39995E+0	4.37900E-3	2.73688E+1	2.14113E-1	1.79934E-1	1.38031E+2
7.59994E+0	4.68331E-3	2.92707E+1	2.18489E-1	1.88144E-1	1.54711E+2
7.79995E+0	5.35908E-3	3.34943E+1	2.12257E-1	1.87491E-1	1.76512E+2
7.99991E+0	5.72317E-3	3.57698E+1	2.17898E-1	1.98899E-1	1.98475E+2
8.19989E+0	6.14621E-3	3.84138E+1	2.15475E-1	2.00565E-1	2.16044E+2
8.39992E+0	6.33502E-3	3.95939E+1	2.17197E-1	2.05634E-1	2.29936E+2
8.59986E+0	6.91945E-3	4.32466E+1	2.14074E-1	2.09286E-1	2.53430E+2
8.79988E+0	7.58404E-3	4.74002E+1	2.08180E-1	2.07727E-1	2.76405E+2
8.99989E+0	8.03203E-3	5.02002E+1	2.07469E-1	2.12129E-1	2.98364E+2
9.19979E+0	8.83594E-3	5.52246E+1	2.02645E-1	2.14195E-1	3.27715E+2
9.39985E+0	9.70769E-3	6.06731E+1	2.05813E-1	2.20363E-1	3.73628E+2
9.60021E+0	1.02935E-2	6.43344E+1	2.00479E-1	2.20974E-1	3.94132E+2
9.80019E+0	1.08821E-2	6.80131E+1	1.97638E-1	2.19209E-1	4.19322E+2
1.00002E+1	1.16640E-2	7.29000E+1	1.95538E-1	2.23048E-1	4.53750E+2
1.02002E+1	1.27823E-2	7.98894E+1	1.84527E-1	2.12212E-1	4.78639E+2
1.04002E+1	1.35596E-2	8.47475E+1	1.80991E-1	2.13789E-1	5.07781E+2
1.06001E+1	1.44860E-2	9.05375E+1	1.75400E-1	2.11884E-1	5.35818E+2
1.08001E+1	1.57008E-2	9.81300E+1	1.66226E-1	2.04866E-1	5.60762E+2
1.10002E+1	1.61412E-2	1.00883E+2	1.64898E-1	2.07579E-1	5.82483E+2
1.12001E+1	1.70490E-2	1.06556E+2	1.59586E-1	2.04324E-1	6.06242E+2
1.14002E+1	1.81239E-2	1.13274E+2	1.54936E-1	2.02598E-1	6.36864E+2
1.16002E+1	1.95961E-2	1.22476E+2	1.50213E-1	1.98913E-1	6.79318E+2
1.15807E+1	2.00010E-2	1.25006E+2	1.47647E-1	1.95384E-1	6.80363E+2
