Voltage(V)	Current(A)	J(mA/cm2)	PE(lm/W)	EQE(%)	L(cd/m2)
-9.99981E-1	-1.09535E-5	-6.84594E-2	1.42665E+0	6.62470E-1	3.10880E-1
-7.99998E-1	-4.26398E-6	-2.66499E-2	1.32962E+1	1.77042E+0	9.02325E-1
-5.99972E-1	-4.18878E-6	-2.61799E-2	2.99363E+0	6.41566E-1	1.49674E-1
-3.99963E-1	-4.38758E-6	-2.74224E-2	2.02538E+1	4.78960E+0	7.07102E-1
-1.99962E-1	-5.43617E-6	-3.39761E-2	3.29805E+0	3.31597E+0	7.13227E-2
5.30243E-5	1.26362E-10	7.89763E-7	9.08887E+9	4.40411E+4	1.21152E+0
2.00043E-1	3.89998E-6	2.43749E-2	7.04414E-1	-3.97785E+0	1.09331E-2
4.00039E-1	8.50363E-6	5.31477E-2	1.85466E+0	-1.05147E+0	1.25517E-1
5.99986E-1	2.63590E-6	1.64744E-2	1.88739E+1	-1.02928E+0	5.93831E-1
8.00004E-1	3.08030E-6	1.92519E-2	5.62547E+0	1.74977E+0	2.75787E-1
1.00001E+0	3.82151E-6	2.38844E-2	4.01872E-1	2.46363E+0	3.05532E-2
1.20001E+0	5.05568E-6	3.15980E-2	4.74765E+0	1.44286E+0	5.73025E-1
1.40002E+0	7.85820E-6	4.91138E-2	5.45304E-1	4.36151E-1	1.19351E-1
1.60003E+0	9.96693E-6	6.22933E-2	5.52479E-1	3.40746E+0	1.75281E-1
1.80001E+0	1.40398E-5	8.77488E-2	1.22714E+0	4.08056E-1	6.16962E-1
2.00000E+0	1.73768E-5	1.08605E-1	7.69062E-1	8.64111E-1	5.31730E-1
2.20011E+0	1.95440E-5	1.22150E-1	4.40789E-1	-2.26130E-1	3.77068E-1
2.40009E+0	2.24418E-5	1.40261E-1	2.70700E-1	-8.77961E-2	2.90070E-1
2.60012E+0	2.32830E-5	1.45519E-1	7.90975E-1	9.29056E-1	9.52632E-1
2.80006E+0	2.45968E-5	1.53730E-1	1.80115E-1	-1.07004E-2	2.46789E-1
3.00006E+0	2.52287E-5	1.57679E-1	4.10025E-1	-1.64977E-1	6.17397E-1
3.20007E+0	2.85191E-5	1.78244E-1	3.60274E-1	-6.08409E-2	6.54122E-1
3.40001E+0	2.91992E-5	1.82495E-1	4.61805E-1	3.38214E-2	9.12095E-1
3.60004E+0	3.13921E-5	1.96201E-1	2.55955E-1	-8.70814E-1	5.75467E-1
3.80001E+0	4.20739E-5	2.62962E-1	2.53131E-1	6.99749E-1	8.05143E-1
3.99998E+0	3.69417E-5	2.30886E-1	4.56209E-1	3.80595E-1	1.34112E+0
4.19995E+0	4.38353E-5	2.73971E-1	5.21179E-1	-3.54868E-2	1.90891E+0
4.39989E+0	5.14357E-5	3.21473E-1	5.42776E-1	5.80618E-1	2.44375E+0
4.59992E+0	6.09122E-5	3.80701E-1	3.80254E-1	3.62791E-1	2.11962E+0
4.80026E+0	7.30411E-5	4.56507E-1	4.87056E-1	4.16177E-1	3.39735E+0
5.00028E+0	8.88524E-5	5.55327E-1	5.35313E-1	-4.07083E-2	4.73153E+0
5.20026E+0	1.05266E-4	6.57913E-1	5.07083E-1	2.45649E-1	5.52233E+0
5.40030E+0	1.17976E-4	7.37350E-1	4.84326E-1	3.23463E-1	6.13875E+0
5.60030E+0	1.25969E-4	7.87306E-1	5.34679E-1	1.86819E-1	7.50410E+0
5.80037E+0	1.51159E-4	9.44744E-1	5.38059E-1	3.26045E-1	9.38534E+0
6.00035E+0	1.69662E-4	1.06039E+0	5.83461E-1	2.74103E-1	1.18169E+1
6.20038E+0	1.57917E-4	9.86981E-1	7.04100E-1	4.04168E-1	1.37155E+1
6.40039E+0	1.96174E-4	1.22609E+0	6.68623E-1	4.66758E-1	1.67017E+1
6.60029E+0	2.06787E-4	1.29242E+0	7.56296E-1	5.24540E-1	2.05356E+1
6.80025E+0	2.40694E-4	1.50434E+0	7.42701E-1	4.96326E-1	2.41843E+1
7.00027E+0	2.81601E-4	1.76001E+0	7.10125E-1	4.90073E-1	2.78493E+1
7.20025E+0	3.20619E-4	2.00387E+0	7.20542E-1	5.45820E-1	3.30923E+1
7.40025E+0	3.61873E-4	2.26171E+0	7.26434E-1	5.58136E-1	3.87016E+1
7.60018E+0	4.11517E-4	2.57198E+0	7.47426E-1	5.29624E-1	4.65061E+1
7.80017E+0	4.63113E-4	2.89446E+0	7.51075E-1	5.65615E-1	5.39765E+1
8.00018E+0	5.23790E-4	3.27369E+0	7.59746E-1	5.95466E-1	6.33367E+1
8.20011E+0	5.90834E-4	3.69271E+0	7.64080E-1	6.55565E-1	7.36468E+1
8.40017E+0	6.67611E-4	4.17257E+0	7.63199E-1	6.30294E-1	8.51490E+1
8.60013E+0	7.42689E-4	4.64181E+0	7.78430E-1	6.51672E-1	9.89149E+1
8.80017E+0	8.33780E-4	5.21113E+0	7.66262E-1	6.58591E-1	1.11854E+2
9.00016E+0	9.34822E-4	5.84264E+0	7.68709E-1	7.03737E-1	1.28668E+2
9.20009E+0	1.05321E-3	6.58256E+0	7.68539E-1	6.90530E-1	1.48151E+2
9.40016E+0	1.16479E-3	7.27994E+0	7.68569E-1	7.12065E-1	1.67416E+2
9.60047E+0	1.29685E-3	8.10531E+0	7.66535E-1	7.27206E-1	1.89865E+2
9.80048E+0	1.44590E-3	9.03688E+0	7.60829E-1	7.45171E-1	2.14488E+2
1.00005E+1	1.60715E-3	1.00447E+1	7.58527E-1	7.43760E-1	2.42538E+2
1.02005E+1	1.78550E-3	1.11594E+1	7.54227E-1	7.51514E-1	2.73284E+2
1.04005E+1	1.98124E-3	1.23827E+1	7.48940E-1	7.71648E-1	3.07021E+2
1.06005E+1	2.19481E-3	1.37176E+1	7.44816E-1	7.90801E-1	3.44748E+2
1.08004E+1	2.43557E-3	1.52223E+1	7.44161E-1	7.97987E-1	3.89437E+2
1.10004E+1	2.70398E-3	1.68999E+1	7.30239E-1	8.04732E-1	4.32123E+2
1.12004E+1	2.99042E-3	1.86901E+1	7.23557E-1	8.11163E-1	4.82135E+2
1.14004E+1	3.30365E-3	2.06478E+1	7.24951E-1	8.24688E-1	5.43192E+2
1.16004E+1	3.66640E-3	2.29150E+1	7.08781E-1	8.22162E-1	5.99729E+2
1.18004E+1	4.04540E-3	2.52837E+1	7.04373E-1	8.24367E-1	6.68946E+2
1.20004E+1	4.47573E-3	2.79733E+1	6.95726E-1	8.35741E-1	7.43410E+2
