Voltage(V)	Current(A)	J(mA/cm2)	PE(lm/W)	EQE(%)	L(cd/m2)
-9.99967E-1	-1.07494E-7	-6.71837E-4	-3.02272E+1	-8.36008E+1	-6.46396E-2
-7.99987E-1	-6.44312E-8	-4.02695E-4	3.76231E+2	1.28935E+2	3.85802E-1
-5.99939E-1	-2.29207E-9	-1.43254E-5	-1.00183E+4	6.45105E+2	-2.74069E-1
-3.99928E-1	1.72308E-8	1.07693E-4	-5.83001E+3	-3.25777E+2	-7.99257E-1
-1.99979E-1	2.80472E-8	1.75295E-4	-1.92165E+3	-9.12757E+1	-2.14426E-1
7.47681E-5	3.20642E-8	2.00401E-4	-8.69633E+6	-3.99410E+2	-4.14766E-1
2.00067E-1	3.94523E-8	2.46577E-4	-6.29283E+2	3.40906E+2	-9.88152E-2
4.00016E-1	5.17833E-8	3.23646E-4	3.39399E+2	-2.52274E+2	1.39865E-1
5.99999E-1	6.23681E-8	3.89801E-4	-3.74025E+2	-1.62296E+2	-2.78448E-1
8.00004E-1	8.89165E-8	5.55728E-4	-3.36738E+2	-1.00613E+2	-4.76537E-1
9.99986E-1	1.10106E-7	6.88162E-4	-3.28600E+2	4.26538E+1	-7.19784E-1
1.20000E+0	1.81497E-7	1.13436E-3	-1.49673E+2	-2.29723E+0	-6.48520E-1
1.40000E+0	2.78675E-7	1.74172E-3	-3.97276E+1	-4.35448E+0	-3.08353E-1
1.60000E+0	4.17429E-7	2.60893E-3	-4.60154E+1	-1.72245E+1	-6.11415E-1
1.79998E+0	5.77211E-7	3.60757E-3	-2.02607E+1	-1.53971E+1	-4.18781E-1
1.99997E+0	8.44868E-7	5.28043E-3	-1.05141E+1	-3.17427E+1	-3.53438E-1
2.20010E+0	1.20676E-6	7.54225E-3	-8.96310E+0	-2.40123E+1	-4.73426E-1
2.40005E+0	2.12773E-6	1.32983E-2	-8.07361E+0	-9.77397E+0	-8.20228E-1
2.60001E+0	3.30644E-6	2.06652E-2	-2.41127E+0	-1.17831E+0	-4.12393E-1
2.80000E+0	6.23863E-6	3.89914E-2	5.38859E-1	1.42728E+0	1.87263E-1
2.99991E+0	1.19637E-5	7.47731E-2	3.58532E-1	2.17635E-1	2.55995E-1
3.20005E+0	2.19642E-5	1.37276E-1	7.49261E-1	7.25434E-1	1.04770E+0
3.39992E+0	3.87775E-5	2.42359E-1	6.08046E-1	-3.35795E-1	1.59483E+0
3.59994E+0	6.69759E-5	4.18599E-1	5.29974E-1	3.56842E-1	2.54213E+0
3.79994E+0	1.01665E-4	6.35406E-1	5.33601E-1	3.45408E-1	4.10105E+0
3.99987E+0	1.52151E-4	9.50944E-1	5.14289E-1	8.89867E-2	6.22670E+0
4.19986E+0	2.16247E-4	1.35154E+0	4.83754E-1	2.08012E-1	8.74057E+0
4.39983E+0	2.98816E-4	1.86760E+0	4.53242E-1	2.94136E-1	1.18550E+1
4.59979E+0	3.97636E-4	2.48522E+0	4.22262E-1	2.38017E-1	1.53651E+1
4.80009E+0	5.17011E-4	3.23132E+0	3.92493E-1	1.90178E-1	1.93781E+1
5.00005E+0	6.52154E-4	4.07596E+0	3.68491E-1	1.97545E-1	2.39046E+1
5.20001E+0	8.07681E-4	5.04801E+0	3.46012E-1	2.03609E-1	2.89111E+1
5.40003E+0	9.78295E-4	6.11434E+0	3.24873E-1	1.94074E-1	3.41437E+1
5.59997E+0	1.16310E-3	7.26938E+0	3.12211E-1	2.00398E-1	4.04558E+1
5.80007E+0	1.36129E-3	8.50806E+0	2.93155E-1	1.93809E-1	4.60480E+1
6.00003E+0	1.57335E-3	9.83344E+0	2.75177E-1	1.98740E-1	5.16798E+1
6.20009E+0	1.81338E-3	1.13336E+1	2.61713E-1	1.82434E-1	5.85386E+1
6.40011E+0	2.06371E-3	1.28982E+1	2.54005E-1	1.75124E-1	6.67434E+1
6.60006E+0	2.33673E-3	1.46046E+1	2.42942E-1	1.88000E-1	7.45400E+1
6.80003E+0	2.63627E-3	1.64767E+1	2.32936E-1	1.82668E-1	8.30743E+1
6.99994E+0	2.96426E-3	1.85266E+1	2.24579E-1	1.82213E-1	9.27063E+1
7.19995E+0	3.32296E-3	2.07685E+1	2.16121E-1	1.79103E-1	1.02869E+2
7.39997E+0	3.73189E-3	2.33243E+1	2.05212E-1	1.78185E-1	1.12743E+2
7.59999E+0	4.16605E-3	2.60378E+1	1.97823E-1	1.78393E-1	1.24608E+2
7.79996E+0	4.62628E-3	2.89143E+1	1.88717E-1	1.69557E-1	1.35477E+2
7.99997E+0	5.11441E-3	3.19651E+1	1.82799E-1	1.72772E-1	1.48795E+2
8.19991E+0	5.66133E-3	3.53833E+1	1.74164E-1	1.63383E-1	1.60848E+2
8.39994E+0	6.21946E-3	3.88716E+1	1.66994E-1	1.66711E-1	1.73564E+2
8.59991E+0	6.78761E-3	4.24226E+1	1.60552E-1	1.62556E-1	1.86447E+2
8.79993E+0	7.37392E-3	4.60870E+1	1.55295E-1	1.60736E-1	2.00478E+2
8.99993E+0	8.03817E-3	5.02386E+1	1.48397E-1	1.57104E-1	2.13575E+2
9.19990E+0	8.64686E-3	5.40429E+1	1.43450E-1	1.53152E-1	2.27024E+2
9.39994E+0	9.34504E-3	5.84065E+1	1.37007E-1	1.52093E-1	2.39431E+2
9.60020E+0	9.93284E-3	6.20803E+1	1.44746E-1	1.64021E-1	2.74594E+2
9.80028E+0	1.21041E-2	7.56506E+1	1.27253E-1	1.46059E-1	3.00309E+2
1.00002E+1	1.30936E-2	8.18350E+1	1.22427E-1	1.44658E-1	3.18916E+2
1.02002E+1	1.41873E-2	8.86706E+1	1.17363E-1	1.41216E-1	3.37886E+2
1.04002E+1	1.52578E-2	9.53612E+1	1.13288E-1	1.38909E-1	3.57642E+2
1.06002E+1	1.63993E-2	1.02496E+2	1.09317E-1	1.37244E-1	3.78058E+2
1.08002E+1	1.75709E-2	1.09818E+2	1.05046E-1	1.33670E-1	3.96586E+2
1.10002E+1	1.88247E-2	1.17654E+2	1.01192E-1	1.31507E-1	4.16874E+2
1.11734E+1	2.00010E-2	1.25006E+2	9.69226E-2	1.27709E-1	4.30916E+2
