Voltage(V)	Current(A)	J(mA/cm2)	PE(lm/W)	EQE(%)	L(cd/m2)
-9.99966E-1	-8.60149E-7	-5.37593E-3	2.48976E+1	3.31211E+0	4.26036E-1
-7.99985E-1	-4.44514E-7	-2.77821E-3	2.41486E+1	1.07628E+1	1.70840E-1
-5.99967E-1	-1.94588E-7	-1.21617E-3	2.23610E+2	1.44595E+2	5.19355E-1
-3.99958E-1	-8.02406E-8	-5.01504E-4	1.39838E+2	5.71708E+1	8.92820E-2
-2.00000E-1	-3.05681E-9	-1.91051E-5	1.72924E+4	-2.66444E+3	2.10322E-1
6.80685E-5	2.51407E-8	1.57129E-4	4.75845E+4	-6.36440E+1	1.62002E-3
2.00062E-1	4.79194E-8	2.99496E-4	-5.27513E+2	-2.14159E+2	-1.00610E-1
3.99995E-1	9.46514E-8	5.91571E-4	2.64848E+2	1.14097E+2	1.99484E-1
5.99982E-1	1.76678E-7	1.10424E-3	1.39636E+2	-3.88850E+1	2.94474E-1
7.99988E-1	3.63018E-7	2.26886E-3	7.58301E+1	-1.21603E+1	4.38110E-1
9.99992E-1	6.19562E-7	3.87226E-3	2.97274E+1	1.85768E+1	3.66411E-1
1.19999E+0	1.04505E-6	6.53156E-3	2.33870E+1	1.34309E+1	5.83472E-1
1.40000E+0	1.67714E-6	1.04821E-2	2.08785E+0	2.55662E+0	9.75276E-2
1.60000E+0	2.43470E-6	1.52169E-2	-1.54636E+0	-3.25828E+0	-1.19841E-1
1.79998E+0	3.69490E-6	2.30931E-2	2.29650E+0	-1.70935E+0	3.03856E-1
1.99997E+0	5.10324E-6	3.18952E-2	-1.73936E+0	-1.41970E+0	-3.53175E-1
2.20000E+0	7.19826E-6	4.49891E-2	-4.40758E-1	-5.33830E+0	-1.38861E-1
2.39990E+0	9.92239E-6	6.20149E-2	-1.57646E+0	-8.46772E-1	-7.46830E-1
2.59989E+0	1.51994E-5	9.49963E-2	-1.02959E-1	-1.33772E-1	-8.09427E-2
2.79995E+0	2.14520E-5	1.34075E-1	-2.38100E-2	-9.82770E-1	-2.84517E-2
2.99988E+0	3.13900E-5	1.96188E-1	2.92433E-1	-5.16339E-2	5.47838E-1
3.19990E+0	4.70221E-5	2.93888E-1	7.49449E-1	1.64494E-1	2.24342E+0
3.39987E+0	7.17670E-5	4.48544E-1	9.01375E-1	-1.31804E-1	4.37545E+0
3.59986E+0	1.09233E-4	6.82706E-1	9.32064E-1	3.73853E-1	7.29147E+0
3.79989E+0	1.57775E-4	9.86094E-1	9.21738E-1	3.79479E-1	1.09938E+1
3.99983E+0	2.17111E-4	1.35694E+0	9.66451E-1	4.36524E-1	1.66968E+1
4.19982E+0	2.95144E-4	1.84465E+0	9.47819E-1	4.14475E-1	2.33733E+1
4.39974E+0	3.93287E-4	2.45804E+0	9.19067E-1	4.77003E-1	3.16384E+1
4.59973E+0	5.20710E-4	3.25444E+0	8.78121E-1	4.45192E-1	4.18420E+1
4.80007E+0	6.78341E-4	4.23963E+0	8.51069E-1	4.33842E-1	5.51303E+1
5.00011E+0	8.72840E-4	5.45525E+0	8.01828E-1	3.99308E-1	6.96187E+1
5.20010E+0	1.09756E-3	6.85975E+0	7.64232E-1	4.32100E-1	8.67751E+1
5.40015E+0	1.32942E-3	8.30888E+0	7.39424E-1	4.35699E-1	1.05607E+2
5.60009E+0	1.61468E-3	1.00918E+1	7.00518E-1	4.08210E-1	1.26018E+2
5.80017E+0	1.92690E-3	1.20431E+1	6.72920E-1	4.14606E-1	1.49621E+2
6.00015E+0	2.23426E-3	1.39641E+1	6.55975E-1	4.28792E-1	1.74950E+2
6.20017E+0	2.59595E-3	1.62247E+1	6.24249E-1	4.20282E-1	1.99888E+2
6.40012E+0	2.98608E-3	1.86630E+1	5.96100E-1	4.14033E-1	2.26641E+2
6.60009E+0	3.41705E-3	2.13566E+1	5.66401E-1	4.07319E-1	2.54130E+2
6.80010E+0	3.86393E-3	2.41496E+1	5.42947E-1	4.04079E-1	2.83813E+2
7.00005E+0	4.35781E-3	2.72363E+1	5.15104E-1	3.97433E-1	3.12604E+2
7.19998E+0	4.89109E-3	3.05693E+1	4.90143E-1	3.87376E-1	3.43392E+2
7.40002E+0	5.45392E-3	3.40870E+1	4.68815E-1	3.80028E-1	3.76420E+2
7.60000E+0	6.05923E-3	3.78702E+1	4.46150E-1	3.67058E-1	4.08735E+2
7.79996E+0	6.70285E-3	4.18928E+1	4.27954E-1	3.60894E-1	4.45122E+2
7.99992E+0	7.38240E-3	4.61400E+1	4.09479E-1	3.59881E-1	4.81111E+2
8.19984E+0	8.10527E-3	5.06579E+1	3.91530E-1	3.51618E-1	5.17687E+2
8.39988E+0	8.87082E-3	5.54426E+1	3.75359E-1	3.41804E-1	5.56433E+2
8.59985E+0	9.68021E-3	6.05013E+1	3.59900E-1	3.36462E-1	5.96057E+2
8.79988E+0	1.05472E-2	6.59200E+1	3.46491E-1	3.31791E-1	6.39788E+2
8.99991E+0	1.14594E-2	7.16213E+1	3.30589E-1	3.24840E-1	6.78296E+2
9.19985E+0	1.24013E-2	7.75081E+1	3.17791E-1	3.21313E-1	7.21306E+2
9.39986E+0	1.34006E-2	8.37538E+1	3.04864E-1	3.13848E-1	7.63979E+2
9.60019E+0	1.44373E-2	9.02331E+1	2.93455E-1	3.09496E-1	8.09167E+2
9.80017E+0	1.55434E-2	9.71462E+1	2.82032E-1	3.02922E-1	8.54689E+2
1.00002E+1	1.66920E-2	1.04325E+2	2.70964E-1	2.96137E-1	8.99826E+2
1.02002E+1	1.78850E-2	1.11781E+2	2.60815E-1	2.91967E-1	9.46585E+2
1.04002E+1	1.91258E-2	1.19536E+2	2.51074E-1	2.86707E-1	9.93560E+2
1.05260E+1	2.00009E-2	1.25006E+2	2.43390E-1	2.80913E-1	1.01940E+3
