Voltage(V)	Current(A)	J(mA/cm2)	PE(lm/W)	EQE(%)	L(cd/m2)
-9.99965E-1	-1.52563E-7	-9.53519E-4	9.62081E+1	2.17365E+1	2.91995E-1
-7.99995E-1	-8.46953E-8	-5.29346E-4	-1.74443E+2	2.18855E+2	-2.35142E-1
-5.99950E-1	-1.37100E-8	-8.56875E-5	-8.81475E+2	1.00030E+3	-1.44242E-1
-3.99936E-1	9.40926E-9	5.88079E-5	-4.58428E+2	1.12572E+3	-3.43200E-2
-1.99979E-1	3.05135E-8	1.90709E-4	-1.84968E+3	4.33168E+2	-2.24545E-1
6.66380E-5	3.67870E-8	2.29919E-4	-4.05315E+6	3.82480E+2	-1.97669E-1
2.00056E-1	4.14542E-8	2.59089E-4	-1.74206E+2	3.32612E+1	-2.87418E-2
4.00000E-1	4.94673E-8	3.09171E-4	-1.42190E+2	2.88325E+2	-5.59728E-2
5.99991E-1	6.09611E-8	3.81007E-4	-3.56431E+2	9.54912E+1	-2.59360E-1
8.00003E-1	8.86320E-8	5.53950E-4	-7.57464E+1	7.74088E+1	-1.06850E-1
9.99977E-1	1.06905E-7	6.68156E-4	0.00000E+0	0.00000E+0	0.00000E+0
1.19999E+0	1.80229E-7	1.12643E-3	0.00000E+0	0.00000E+0	0.00000E+0
1.39999E+0	2.88668E-7	1.80418E-3	1.14584E+1	5.16825E+1	9.21250E-2
1.59999E+0	4.44151E-7	2.77594E-3	-2.78338E+1	3.56116E+1	-3.93505E-1
1.79997E+0	6.71058E-7	4.19411E-3	-3.21580E+1	-4.94858E+1	-7.72759E-1
1.99996E+0	9.77731E-7	6.11082E-3	-1.59553E+1	3.05282E+0	-6.20692E-1
2.19989E+0	1.47999E-6	9.24994E-3	8.12200E-1	1.01802E+0	5.26081E-2
2.39991E+0	2.40491E-6	1.50307E-2	-2.88169E+0	1.74393E+0	-3.30880E-1
2.59992E+0	3.37820E-6	2.11138E-2	-6.44545E-1	-3.50500E+0	-1.12623E-1
2.79990E+0	5.02848E-6	3.14280E-2	-2.85368E+0	1.00051E+0	-7.99309E-1
2.99984E+0	9.53115E-6	5.95697E-2	1.64762E-1	2.68963E+0	9.37198E-2
3.19978E+0	1.84754E-5	1.15471E-1	4.63764E-1	3.97599E-1	5.45432E-1
3.39983E+0	3.39078E-5	2.11924E-1	6.97727E-1	2.90689E-1	1.60019E+0
3.59982E+0	5.88829E-5	3.68018E-1	4.29529E-1	1.95949E-3	1.81131E+0
3.79981E+0	9.63570E-5	6.02231E-1	5.21246E-1	2.82375E-1	3.79681E+0
3.99981E+0	1.50740E-4	9.42125E-1	5.32646E-1	1.43021E-1	6.38905E+0
4.19977E+0	2.24491E-4	1.40307E+0	4.47048E-1	1.35888E-1	8.38511E+0
4.39976E+0	3.19562E-4	1.99726E+0	4.32083E-1	1.86134E-1	1.20860E+1
4.59974E+0	4.39908E-4	2.74942E+0	3.98053E-1	1.75208E-1	1.60238E+1
4.80006E+0	5.82646E-4	3.64154E+0	3.59659E-1	1.60192E-1	2.00112E+1
5.00000E+0	7.50786E-4	4.69241E+0	3.39922E-1	1.79473E-1	2.53861E+1
5.20000E+0	9.36394E-4	5.85246E+0	3.16090E-1	1.69730E-1	3.06199E+1
5.39999E+0	1.14772E-3	7.17325E+0	3.00133E-1	1.94098E-1	3.70060E+1
5.60000E+0	1.37938E-3	8.62112E+0	2.80486E-1	1.92596E-1	4.31035E+1
5.80009E+0	1.63499E-3	1.02187E+1	2.71156E-1	1.69664E-1	5.11563E+1
6.00003E+0	1.91815E-3	1.19884E+1	2.57872E-1	1.85736E-1	5.90432E+1
6.20003E+0	2.23568E-3	1.39730E+1	2.45524E-1	1.83419E-1	6.77060E+1
6.40003E+0	2.59070E-3	1.61919E+1	2.31386E-1	1.85925E-1	7.63250E+1
6.60001E+0	2.97267E-3	1.85792E+1	2.21599E-1	1.73740E-1	8.64945E+1
6.80001E+0	3.39951E-3	2.12469E+1	2.11485E-1	1.72118E-1	9.72602E+1
6.99996E+0	3.86660E-3	2.41663E+1	2.03384E-1	1.65866E-1	1.09514E+2
7.19998E+0	4.36576E-3	2.72860E+1	1.94188E-1	1.64018E-1	1.21435E+2
7.39999E+0	4.91351E-3	3.07094E+1	1.85967E-1	1.67014E-1	1.34521E+2
7.59998E+0	5.49970E-3	3.43731E+1	1.78594E-1	1.65798E-1	1.48507E+2
7.80001E+0	6.13281E-3	3.83301E+1	1.71422E-1	1.57358E-1	1.63136E+2
7.99995E+0	6.81237E-3	4.25773E+1	1.64242E-1	1.57991E-1	1.78074E+2
8.19994E+0	7.53196E-3	4.70748E+1	1.57731E-1	1.55383E-1	1.93805E+2
8.40006E+0	8.30042E-3	5.18776E+1	1.51749E-1	1.56038E-1	2.10494E+2
8.60002E+0	9.11153E-3	5.69471E+1	1.46021E-1	1.53153E-1	2.27634E+2
8.80008E+0	9.97236E-3	6.23272E+1	1.41146E-1	1.51261E-1	2.46424E+2
9.00002E+0	1.08917E-2	6.80731E+1	1.36142E-1	1.50590E-1	2.65498E+2
9.19994E+0	1.18592E-2	7.41200E+1	1.30620E-1	1.47804E-1	2.83519E+2
9.40000E+0	1.28631E-2	8.03944E+1	1.26057E-1	1.45861E-1	3.03230E+2
9.60027E+0	1.39197E-2	8.69981E+1	1.21587E-1	1.43603E-1	3.23244E+2
9.80027E+0	1.50354E-2	9.39713E+1	1.17486E-1	1.44179E-1	3.44404E+2
1.00003E+1	1.61983E-2	1.01239E+2	1.13148E-1	1.41616E-1	3.64636E+2
1.02003E+1	1.74159E-2	1.08849E+2	1.09406E-1	1.37873E-1	3.86659E+2
1.04003E+1	1.86844E-2	1.16778E+2	1.05409E-1	1.37500E-1	4.07503E+2
1.05981E+1	1.99995E-2	1.24997E+2	1.01429E-1	1.35375E-1	4.27700E+2
