Voltage(V)	Current(A)	J(mA/cm2)	PE(lm/W)	EQE(%)	L(cd/m2)
-9.99950E-1	-3.44226E-7	-2.15141E-3	2.66873E+1	7.40446E+1	1.82750E-1
-7.99981E-1	-2.14690E-7	-1.34181E-3	-9.76320E+1	-8.81748E+0	-3.33591E-1
-5.99963E-1	-1.09523E-7	-6.84519E-4	-3.00391E+2	6.82668E+1	-3.92687E-1
-3.99947E-1	-4.69147E-8	-2.93217E-4	-3.70192E+2	3.24503E+1	-1.38187E-1
-1.99977E-1	1.66374E-8	1.03984E-4	-5.38784E+3	-1.02346E+1	-3.56624E-1
6.69241E-5	3.23259E-8	2.02037E-4	-8.83208E+6	5.98160E+2	-3.80125E-1
2.00061E-1	4.35935E-8	2.72459E-4	2.46644E+3	5.83925E+2	4.27942E-1
3.99997E-1	7.59095E-8	4.74434E-4	2.55471E+2	2.84659E+2	1.54321E-1
5.99965E-1	1.16821E-7	7.30131E-4	-1.79412E+2	1.03776E+2	-2.50167E-1
7.99987E-1	2.22324E-7	1.38952E-3	-4.64469E+1	3.57247E+1	-1.64345E-1
9.99987E-1	3.69055E-7	2.30659E-3	6.08354E+1	3.29434E+1	4.46655E-1
1.19999E+0	5.57833E-7	3.48646E-3	-5.23162E+0	3.37052E+1	-6.96703E-2
1.39999E+0	7.97285E-7	4.98303E-3	-2.96069E+0	1.40283E+1	-6.57447E-2
1.60000E+0	1.08209E-6	6.76306E-3	5.13925E-1	2.31294E+1	1.77016E-2
1.79998E+0	1.57984E-6	9.87400E-3	4.32710E+0	2.58638E+1	2.44798E-1
1.99998E+0	2.01150E-6	1.25719E-2	6.98464E+0	1.33319E+1	5.59011E-1
2.20001E+0	2.55277E-6	1.59548E-2	6.67048E+0	1.52517E+1	7.45288E-1
2.39998E+0	3.20602E-6	2.00376E-2	3.54204E+0	1.06397E+1	5.42197E-1
2.59996E+0	4.34607E-6	2.71629E-2	-5.61142E-1	8.46445E+0	-1.26144E-1
2.79986E+0	6.63331E-6	4.14582E-2	1.19689E+0	1.75194E+0	4.42233E-1
2.99967E+0	1.13816E-5	7.11350E-2	1.29866E+0	1.66538E+0	8.82068E-1
3.19991E+0	2.01603E-5	1.26002E-1	6.20055E-1	1.63085E+0	7.95784E-1
3.39979E+0	3.53533E-5	2.20958E-1	6.68374E-1	9.71233E-1	1.59820E+0
3.59983E+0	6.02823E-5	3.76764E-1	5.98072E-1	5.94240E-1	2.58199E+0
3.79983E+0	9.77058E-5	6.10661E-1	5.45652E-1	3.88659E-1	4.03024E+0
3.99982E+0	1.48041E-4	9.25256E-1	4.47306E-1	3.55790E-1	5.26935E+0
4.19979E+0	2.18095E-4	1.36309E+0	4.06252E-1	3.55346E-1	7.40285E+0
4.39972E+0	3.12833E-4	1.95521E+0	3.81251E-1	2.96888E-1	1.04395E+1
4.59976E+0	4.25238E-4	2.65774E+0	3.49094E-1	1.74043E-1	1.35844E+1
4.80008E+0	5.68174E-4	3.55109E+0	3.23388E-1	1.88954E-1	1.75462E+1
5.00001E+0	7.36969E-4	4.60606E+0	2.94798E-1	1.99237E-1	2.16110E+1
5.19999E+0	9.30845E-4	5.81778E+0	2.77407E-1	1.40215E-1	2.67133E+1
5.39995E+0	1.14406E-3	7.15037E+0	2.62605E-1	1.56754E-1	3.22754E+1
5.60001E+0	1.38637E-3	8.66481E+0	2.47645E-1	1.58475E-1	3.82496E+1
5.80006E+0	1.64638E-3	1.02899E+1	2.39551E-1	1.50948E-1	4.55083E+1
6.00002E+0	1.95039E-3	1.21899E+1	2.27534E-1	1.63175E-1	5.29726E+1
6.20004E+0	2.28522E-3	1.42826E+1	2.15614E-1	1.44727E-1	6.07756E+1
6.40007E+0	2.67018E-3	1.66886E+1	2.05336E-1	1.51092E-1	6.98105E+1
6.59997E+0	3.08789E-3	1.92993E+1	1.96112E-1	1.46839E-1	7.95131E+1
6.79999E+0	3.55176E-3	2.21985E+1	1.87637E-1	1.53915E-1	9.01572E+1
6.99996E+0	4.06012E-3	2.53758E+1	1.80036E-1	1.50776E-1	1.01794E+2
7.19993E+0	4.61878E-3	2.88674E+1	1.71955E-1	1.44760E-1	1.13763E+2
7.39995E+0	5.24225E-3	3.27641E+1	1.65358E-1	1.47240E-1	1.27615E+2
7.59994E+0	5.89159E-3	3.68224E+1	1.58509E-1	1.42512E-1	1.41198E+2
7.79994E+0	6.61964E-3	4.13728E+1	1.52569E-1	1.45073E-1	1.56719E+2
7.99991E+0	7.40218E-3	4.62636E+1	1.46855E-1	1.40436E-1	1.73007E+2
8.19983E+0	8.25344E-3	5.15840E+1	1.40927E-1	1.40407E-1	1.89742E+2
8.39992E+0	9.17510E-3	5.73444E+1	1.35128E-1	1.37258E-1	2.07187E+2
8.59990E+0	1.01844E-2	6.36525E+1	1.30409E-1	1.35573E-1	2.27231E+2
8.79991E+0	1.12532E-2	7.03325E+1	1.25325E-1	1.33996E-1	2.46901E+2
8.99989E+0	1.23895E-2	7.74344E+1	1.20122E-1	1.31532E-1	2.66468E+2
9.19985E+0	1.36015E-2	8.50094E+1	1.16235E-1	1.29735E-1	2.89358E+2
9.39988E+0	1.49128E-2	9.32050E+1	1.11503E-1	1.28564E-1	3.10955E+2
9.60014E+0	1.62989E-2	1.01868E+2	1.08002E-1	1.25983E-1	3.36201E+2
9.80005E+0	1.78012E-2	1.11257E+2	1.03626E-1	1.25528E-1	3.59646E+2
1.00001E+1	1.94166E-2	1.21354E+2	9.93522E-2	1.22386E-1	3.83782E+2
1.00347E+1	2.00006E-2	1.25004E+2	9.68398E-2	1.18945E-1	3.86662E+2
