Voltage(V)	Current(A)	J(mA/cm2)	PE(lm/W)	EQE(%)	L(cd/m2)
-9.99970E-1	-6.19359E-8	-3.87099E-4	-4.43253E+2	-7.57774E+1	-5.46149E-1
-7.99964E-1	-3.46949E-9	-2.16843E-5	-9.13188E+3	4.95597E+3	-5.04227E-1
-5.99942E-1	8.88655E-9	5.55409E-5	-1.18890E+3	2.79604E+3	-1.26100E-1
-3.99921E-1	2.72385E-8	1.70241E-4	-6.53662E+2	-1.42317E+2	-1.41658E-1
-1.99979E-1	3.34763E-8	2.09227E-4	-2.91296E+3	7.71619E+2	-3.87959E-1
6.85453E-5	3.46837E-8	2.16773E-4	-4.90597E+6	8.17993E+2	-2.32037E-1
2.00066E-1	4.05822E-8	2.53639E-4	-1.26062E+3	3.56737E+2	-2.03621E-1
4.00011E-1	4.38051E-8	2.73782E-4	-5.10608E+2	2.67154E+2	-1.77998E-1
6.00008E-1	4.88092E-8	3.05058E-4	4.80853E+2	2.54318E+2	2.80157E-1
8.00017E-1	6.14639E-8	3.84149E-4	5.97826E+2	9.32572E+2	5.84823E-1
1.00002E+0	8.24159E-8	5.15099E-4	-2.19074E+1	4.12625E+2	-3.59203E-2
1.20000E+0	8.02650E-8	5.01656E-4	7.00347E+1	4.61337E+2	1.34199E-1
1.40001E+0	1.19429E-7	7.46431E-4	-2.93477E+1	1.75638E+2	-9.76214E-2
1.60001E+0	1.79601E-7	1.12251E-3	-2.19337E+1	2.04519E+2	-1.25393E-1
1.79998E+0	2.47189E-7	1.54493E-3	-4.12449E+1	5.85478E+1	-3.65088E-1
1.99998E+0	3.27080E-7	2.04425E-3	-2.36272E+0	-2.22809E+1	-3.07484E-2
2.20005E+0	4.44136E-7	2.77585E-3	-3.02015E+1	2.61199E+1	-5.87094E-1
2.40002E+0	6.29581E-7	3.93488E-3	5.37249E+0	2.47951E+1	1.61500E-1
2.60000E+0	1.04081E-6	6.50506E-3	-2.11875E+0	1.41838E+1	-1.14066E-1
2.79989E+0	2.26732E-6	1.41708E-2	-1.73770E+0	8.57646E+0	-2.19462E-1
2.99984E+0	5.54292E-6	3.46433E-2	-1.80101E+0	9.24550E-1	-5.95776E-1
3.19987E+0	1.23114E-5	7.69462E-2	5.29518E-1	4.56490E+0	4.15002E-1
3.39985E+0	2.43921E-5	1.52451E-1	2.51135E-1	1.08811E+0	4.14330E-1
3.59982E+0	4.38961E-5	2.74351E-1	2.61541E-1	3.48615E-1	8.22198E-1
3.79982E+0	7.31792E-5	4.57370E-1	4.86647E-1	4.54699E-1	2.69212E+0
3.99981E+0	1.15589E-4	7.22431E-1	3.23666E-1	3.30709E-1	2.97703E+0
4.19982E+0	1.74717E-4	1.09198E+0	3.40631E-1	3.66256E-1	4.97256E+0
4.39977E+0	2.50856E-4	1.56785E+0	2.93287E-1	1.64316E-1	6.43988E+0
4.59968E+0	3.51340E-4	2.19588E+0	2.81363E-1	2.22715E-1	9.04592E+0
4.80001E+0	4.78918E-4	2.99324E+0	2.70514E-1	1.87988E-1	1.23715E+1
5.00000E+0	6.31339E-4	3.94587E+0	2.38043E-1	1.83515E-1	1.49492E+1
5.20003E+0	8.07932E-4	5.04957E+0	2.24637E-1	1.62271E-1	1.87756E+1
5.40001E+0	1.01018E-3	6.31363E+0	2.08447E-1	1.42293E-1	2.26214E+1
5.60003E+0	1.22876E-3	7.67975E+0	1.90472E-1	1.47369E-1	2.60746E+1
5.80009E+0	1.47135E-3	9.19594E+0	1.82162E-1	1.30442E-1	3.09270E+1
6.00004E+0	1.73205E-3	1.08253E+1	1.72933E-1	1.32734E-1	3.57538E+1
6.20006E+0	2.02270E-3	1.26419E+1	1.64276E-1	1.21280E-1	4.09856E+1
6.40005E+0	2.33979E-3	1.46237E+1	1.55422E-1	1.15958E-1	4.63024E+1
6.60001E+0	2.69247E-3	1.68279E+1	1.47841E-1	1.27592E-1	5.22662E+1
6.80005E+0	3.07893E-3	1.92433E+1	1.41895E-1	1.15211E-1	5.91029E+1
6.99999E+0	3.49936E-3	2.18710E+1	1.35136E-1	1.17959E-1	6.58549E+1
7.20002E+0	3.96208E-3	2.47630E+1	1.29354E-1	1.18159E-1	7.34117E+1
7.40001E+0	4.46408E-3	2.79005E+1	1.24577E-1	1.09049E-1	8.18716E+1
7.60002E+0	5.01019E-3	3.13137E+1	1.18637E-1	1.01519E-1	8.98711E+1
7.79999E+0	5.59380E-3	3.49613E+1	1.13847E-1	1.06729E-1	9.88219E+1
7.99998E+0	6.22254E-3	3.88909E+1	1.08936E-1	1.05639E-1	1.07884E+2
8.19995E+0	6.89929E-3	4.31206E+1	1.04948E-1	1.02022E-1	1.18119E+2
8.39998E+0	7.62252E-3	4.76407E+1	1.00604E-1	1.02064E-1	1.28151E+2
8.59994E+0	8.39052E-3	5.24408E+1	9.69245E-2	1.01718E-1	1.39139E+2
8.79996E+0	9.21119E-3	5.75699E+1	9.33389E-2	9.95265E-2	1.50518E+2
8.99996E+0	1.00973E-2	6.31081E+1	9.02956E-2	9.78734E-2	1.63246E+2
9.19991E+0	1.10299E-2	6.89369E+1	8.63023E-2	9.36413E-2	1.74224E+2
9.39995E+0	1.20065E-2	7.50406E+1	8.29705E-2	9.48509E-2	1.86293E+2
9.60027E+0	1.30378E-2	8.14862E+1	8.00318E-2	9.22771E-2	1.99288E+2
9.80025E+0	1.41303E-2	8.83144E+1	7.70496E-2	9.14733E-2	2.12270E+2
1.00003E+1	1.52776E-2	9.54850E+1	7.43715E-2	9.10262E-2	2.26050E+2
1.02003E+1	1.64905E-2	1.03066E+2	7.18189E-2	8.74745E-2	2.40334E+2
1.04002E+1	1.77535E-2	1.10959E+2	6.91963E-2	8.79147E-2	2.54179E+2
1.06001E+1	1.90866E-2	1.19291E+2	6.70740E-2	8.57299E-2	2.69975E+2
1.07045E+1	2.00002E-2	1.25001E+2	6.46283E-2	8.42033E-2	2.75267E+2
