Voltage(V)	Current(A)	J(mA/cm2)	PE(lm/W)	EQE(%)	L(cd/m2)
-9.99978E-1	-7.20237E-7	-4.50148E-3	2.28406E+1	1.06041E+1	3.27268E-1
-7.99989E-1	-3.72655E-7	-2.32909E-3	5.29452E+1	-2.01340E+1	3.14013E-1
-5.99966E-1	-1.83244E-7	-1.14528E-3	3.84857E+2	-7.02030E+0	8.41756E-1
-3.99959E-1	-7.93450E-8	-4.95906E-4	6.81334E+2	7.13882E+1	4.30155E-1
-1.99992E-1	-1.69882E-9	-1.06176E-5	1.21493E+5	6.70166E+3	8.21184E-1
5.40257E-5	2.59745E-8	1.62341E-4	2.52196E+7	6.71045E+1	7.04070E-1
2.00042E-1	4.94652E-8	3.09157E-4	4.20813E+3	4.33562E+2	8.28401E-1
3.99990E-1	9.85543E-8	6.15964E-4	6.52587E+2	1.30036E+2	5.11792E-1
5.99967E-1	1.75256E-7	1.09535E-3	4.12709E+2	4.81486E+1	8.63324E-1
7.99994E-1	3.31367E-7	2.07104E-3	1.63078E+2	4.81269E+1	8.60045E-1
9.99988E-1	5.71298E-7	3.57061E-3	6.98541E+1	2.80025E+1	7.93925E-1
1.19999E+0	9.32148E-7	5.82593E-3	1.82662E+1	9.95479E+0	4.06482E-1
1.40000E+0	1.46716E-6	9.16975E-3	2.50254E+1	-4.77368E-1	1.02263E+0
1.60001E+0	2.26079E-6	1.41299E-2	5.17421E+0	2.79692E+0	3.72355E-1
1.79999E+0	3.46159E-6	2.16349E-2	4.62645E+0	1.59769E+0	5.73487E-1
1.99998E+0	5.00114E-6	3.12571E-2	2.16695E+0	1.59117E+0	4.31196E-1
2.20007E+0	7.42485E-6	4.64053E-2	1.10607E+0	-2.39370E-1	3.59449E-1
2.39998E+0	9.91899E-6	6.19937E-2	4.01349E-1	-9.99255E-1	1.90076E-1
2.60001E+0	1.39097E-5	8.69356E-2	-1.32574E-1	-3.65499E-1	-9.53853E-2
2.80003E+0	1.90977E-5	1.19361E-1	8.30669E-1	-7.29058E-1	8.83694E-1
2.99999E+0	2.66796E-5	1.66748E-1	3.59864E-1	6.09672E-2	5.73017E-1
3.19998E+0	3.81177E-5	2.38236E-1	1.08986E-1	-4.30928E-1	2.64468E-1
3.39994E+0	5.39418E-5	3.37136E-1	4.95622E-1	-2.62115E-2	1.80833E+0
3.59987E+0	7.83250E-5	4.89531E-1	4.08191E-1	1.45956E-2	2.28971E+0
3.79991E+0	1.12578E-4	7.03613E-1	3.78047E-1	2.99728E-1	3.21738E+0
3.99989E+0	1.59208E-4	9.95050E-1	4.45863E-1	1.26077E-1	5.64865E+0
4.19989E+0	2.19737E-4	1.37336E+0	3.91004E-1	1.70604E-1	7.17881E+0
4.39987E+0	2.99795E-4	1.87372E+0	3.78529E-1	2.29632E-1	9.93329E+0
4.59985E+0	3.92380E-4	2.45237E+0	3.78363E-1	1.72868E-1	1.35859E+1
4.80018E+0	5.13589E-4	3.20993E+0	3.70603E-1	2.17929E-1	1.81766E+1
5.00016E+0	6.63824E-4	4.14890E+0	3.31838E-1	1.78311E-1	2.19126E+1
5.20015E+0	8.42115E-4	5.26322E+0	3.17572E-1	1.79611E-1	2.76669E+1
5.40012E+0	1.06889E-3	6.68056E+0	3.01835E-1	1.71472E-1	3.46606E+1
5.60014E+0	1.33134E-3	8.32088E+0	2.83274E-1	1.73341E-1	4.20170E+1
5.80020E+0	1.63408E-3	1.02130E+1	2.63150E-1	1.73587E-1	4.96191E+1
6.00019E+0	1.99007E-3	1.24379E+1	2.50270E-1	1.64815E-1	5.94528E+1
6.20014E+0	2.45411E-3	1.53382E+1	2.27144E-1	1.59286E-1	6.87587E+1
6.40011E+0	3.12807E-3	1.95504E+1	1.90548E-1	1.32043E-1	7.58924E+1
6.60010E+0	3.99397E-3	2.49623E+1	1.64034E-1	1.24286E-1	8.60241E+1
6.80009E+0	4.89993E-3	3.06246E+1	1.45141E-1	1.14864E-1	9.62113E+1
7.00005E+0	5.41330E-3	3.38331E+1	1.46763E-1	1.19302E-1	1.10640E+2
7.20004E+0	5.57522E-3	3.48451E+1	1.55015E-1	1.26177E-1	1.23794E+2
7.40006E+0	6.34370E-3	3.96481E+1	1.49128E-1	1.27000E-1	1.39274E+2
7.60004E+0	6.81019E-3	4.25637E+1	1.49899E-1	1.31009E-1	1.54349E+2
7.80002E+0	7.54418E-3	4.71511E+1	1.45193E-1	1.31420E-1	1.69974E+2
7.99996E+0	8.15319E-3	5.09574E+1	1.45417E-1	1.33121E-1	1.88696E+2
8.19991E+0	8.49667E-3	5.31042E+1	1.52044E-1	1.43890E-1	2.10745E+2
8.39997E+0	9.30919E-3	5.81824E+1	1.47179E-1	1.40940E-1	2.28963E+2
8.59996E+0	1.01143E-2	6.32144E+1	1.45957E-1	1.46498E-1	2.52573E+2
8.79998E+0	1.08739E-2	6.79619E+1	1.44010E-1	1.49122E-1	2.74151E+2
8.99997E+0	1.15880E-2	7.24250E+1	1.43609E-1	1.52523E-1	2.97963E+2
9.19995E+0	1.24754E-2	7.79712E+1	1.41107E-1	1.54097E-1	3.22194E+2
9.39998E+0	1.33101E-2	8.31881E+1	1.40569E-1	1.58941E-1	3.49887E+2
9.60026E+0	1.42619E-2	8.91369E+1	1.38082E-1	1.59026E-1	3.76122E+2
9.80021E+0	1.53301E-2	9.58131E+1	1.34596E-1	1.57839E-1	4.02294E+2
1.00003E+1	1.64301E-2	1.02688E+2	1.31738E-1	1.59241E-1	4.30620E+2
1.02003E+1	1.76319E-2	1.10199E+2	1.28445E-1	1.58898E-1	4.59577E+2
1.04003E+1	1.88697E-2	1.17936E+2	1.25118E-1	1.58835E-1	4.88496E+2
1.05675E+1	2.00005E-2	1.25003E+2	1.21571E-1	1.57046E-1	5.11179E+2
