Voltage(V)	Current(A)	J(mA/cm2)	PE(lm/W)	EQE(%)	L(cd/m2)
-9.99964E-1	-6.19783E-6	-3.87364E-2	3.00362E+0	2.92048E+0	3.70339E-1
-7.99988E-1	-3.99976E-6	-2.49985E-2	8.73357E+0	3.46536E+0	5.55955E-1
-5.99962E-1	-2.08423E-6	-1.30264E-2	3.61661E+1	9.24606E+0	8.99708E-1
-3.99950E-1	-8.19048E-7	-5.11905E-3	7.54721E+1	-3.60399E+0	4.91849E-1
-2.00003E-1	-2.49374E-7	-1.55859E-3	5.71102E+2	1.29096E+1	5.66672E-1
5.29051E-5	7.22384E-10	4.51490E-6	1.65058E+8	5.69953E+3	1.25497E-1
2.00039E-1	2.58764E-7	1.61727E-3	2.69360E+2	-3.12427E+1	2.77384E-1
3.99986E-1	7.52908E-7	4.70568E-3	4.18705E+1	-2.14105E+1	2.50856E-1
5.99984E-1	1.76931E-6	1.10582E-2	2.72014E+1	-4.60103E+0	5.74467E-1
7.99984E-1	3.05540E-6	1.90963E-2	6.25521E+0	-4.40604E+0	3.04173E-1
9.99995E-1	5.26613E-6	3.29133E-2	-1.30220E+0	1.56227E+0	-1.36426E-1
1.19999E+0	8.49039E-6	5.30649E-2	4.08695E+0	-1.80476E+0	8.28390E-1
1.39999E+0	1.33442E-5	8.34013E-2	4.68281E-1	-4.54247E-1	1.74042E-1
1.60000E+0	1.89818E-5	1.18636E-1	9.54648E-1	4.52383E-2	5.76808E-1
1.79998E+0	2.67643E-5	1.67277E-1	5.33523E-1	4.65761E-2	5.11336E-1
1.99997E+0	3.57631E-5	2.23519E-1	-1.26988E-1	2.49503E-2	-1.80697E-1
2.20005E+0	4.86861E-5	3.04288E-1	2.60264E-1	-2.10558E-1	5.54603E-1
2.40001E+0	6.21561E-5	3.88476E-1	2.72381E-1	-1.42353E-1	8.08358E-1
2.59999E+0	8.23988E-5	5.14992E-1	1.70396E-1	1.97070E-1	7.26242E-1
2.79996E+0	1.00951E-4	6.30944E-1	7.64967E-2	1.00993E-1	4.30165E-1
2.99989E+0	1.33499E-4	8.34369E-1	1.07581E-1	5.28755E-3	8.57133E-1
3.19988E+0	1.78834E-4	1.11771E+0	4.50830E-2	-1.24714E-2	5.13248E-1
3.39983E+0	2.42093E-4	1.51308E+0	5.75909E-2	-6.61019E-2	9.43025E-1
3.59988E+0	3.30741E-4	2.06713E+0	4.73665E-2	-1.11105E-2	1.12196E+0
3.79984E+0	4.21643E-4	2.63527E+0	7.38755E-2	1.48553E-2	2.35473E+0
3.99986E+0	5.03698E-4	3.14811E+0	7.78596E-2	-1.89628E-2	3.12074E+0
4.19983E+0	5.83852E-4	3.64908E+0	9.96357E-2	4.52405E-2	4.86048E+0
4.39978E+0	6.62719E-4	4.14199E+0	9.57924E-2	4.09279E-2	5.55676E+0
4.59975E+0	7.55736E-4	4.72335E+0	1.08791E-1	3.39564E-2	7.52362E+0
4.80010E+0	9.06210E-4	5.66381E+0	1.08886E-1	5.33463E-2	9.42286E+0
5.00011E+0	1.01515E-3	6.34469E+0	1.18355E-1	5.76885E-2	1.19516E+1
5.20015E+0	1.28791E-3	8.04944E+0	1.09569E-1	6.89679E-2	1.45989E+1
5.40018E+0	1.74943E-3	1.09339E+1	9.36540E-2	5.80901E-2	1.76020E+1
5.60009E+0	9.84215E-4	6.15134E+0	2.16416E-1	1.18345E-1	2.37304E+1
5.80017E+0	1.16107E-3	7.25669E+0	2.12792E-1	1.30496E-1	2.85091E+1
6.00018E+0	1.32534E-3	8.28337E+0	2.12164E-1	1.54772E-1	3.35655E+1
6.20013E+0	1.55479E-3	9.71744E+0	2.08590E-1	1.51286E-1	4.00033E+1
6.40016E+0	1.84882E-3	1.15551E+1	1.99641E-1	1.51942E-1	4.69966E+1
6.60014E+0	2.16202E-3	1.35126E+1	1.91022E-1	1.51352E-1	5.42283E+1
6.80011E+0	2.53924E-3	1.58703E+1	1.84138E-1	1.39105E-1	6.32547E+1
7.00012E+0	3.09237E-3	1.93273E+1	1.69188E-1	1.36951E-1	7.28613E+1
7.20004E+0	3.51158E-3	2.19474E+1	1.64956E-1	1.37226E-1	8.29727E+1
7.40004E+0	3.75018E-3	2.34386E+1	1.70147E-1	1.44703E-1	9.39377E+1
7.60004E+0	4.26133E-3	2.66333E+1	1.63361E-1	1.48170E-1	1.05254E+2
7.80005E+0	4.92229E-3	3.07643E+1	1.54914E-1	1.43632E-1	1.18327E+2
8.00007E+0	5.04886E-3	3.15554E+1	1.64217E-1	1.54397E-1	1.31958E+2
8.19999E+0	5.63016E-3	3.51885E+1	1.58377E-1	1.56979E-1	1.45465E+2
8.40002E+0	6.23931E-3	3.89957E+1	1.54086E-1	1.57651E-1	1.60661E+2
8.60003E+0	6.69775E-3	4.18609E+1	1.54511E-1	1.62551E-1	1.77059E+2
8.80002E+0	7.32873E-3	4.58046E+1	1.51130E-1	1.64029E-1	1.93907E+2
9.00001E+0	8.08916E-3	5.05572E+1	1.45490E-1	1.60974E-1	2.10722E+2
9.19988E+0	8.91495E-3	5.57184E+1	1.40094E-1	1.59668E-1	2.28586E+2
9.39996E+0	9.69602E-3	6.06001E+1	1.37374E-1	1.58048E-1	2.49088E+2
9.60025E+0	1.05333E-2	6.58331E+1	1.34519E-1	1.60761E-1	2.70620E+2
9.80023E+0	1.15279E-2	7.20494E+1	1.28974E-1	1.55667E-1	2.89881E+2
1.00002E+1	1.26209E-2	7.88806E+1	1.24320E-1	1.54830E-1	3.12154E+2
1.02002E+1	1.37722E-2	8.60763E+1	1.19717E-1	1.50288E-1	3.34579E+2
1.04003E+1	1.49707E-2	9.35669E+1	1.15648E-1	1.49191E-1	3.58226E+2
1.06001E+1	1.63267E-2	1.02042E+2	1.11693E-1	1.45663E-1	3.84560E+2
1.08000E+1	1.77235E-2	1.10772E+2	1.07262E-1	1.44409E-1	4.08459E+2
1.10001E+1	1.91649E-2	1.19781E+2	1.03508E-1	1.42517E-1	4.34117E+2
1.10831E+1	2.00009E-2	1.25006E+2	1.00722E-1	1.39441E-1	4.44186E+2
