Voltage(V)	Current(A)	J(mA/cm2)	PE(lm/W)	EQE(%)	L(cd/m2)
-9.99963E-1	-1.30587E-6	-8.16169E-3	2.09354E+0	-1.12056E+1	5.43871E-2
-7.99981E-1	-9.90385E-7	-6.18991E-3	8.50299E+0	1.16215E+1	1.34025E-1
-5.99958E-1	-7.25661E-7	-4.53538E-3	-1.77671E+1	-4.49724E+1	-1.53887E-1
-3.99949E-1	-4.43175E-7	-2.76984E-3	-2.34909E+2	-4.25568E+1	-8.28343E-1
-2.00002E-1	-2.06063E-7	-1.28789E-3	5.46673E+1	-7.81377E+0	4.48221E-2
3.81231E-5	5.07402E-10	3.17126E-6	-1.34237E+9	-3.05358E+4	-5.16587E-1
2.00031E-1	1.97049E-7	1.23156E-3	-3.56250E+2	7.83464E+0	-2.79355E-1
3.99974E-1	4.87890E-7	3.04931E-3	-7.97016E+0	-4.26102E+1	-3.09422E-2
5.99971E-1	8.65527E-7	5.40954E-3	-2.90464E+1	-7.76472E+0	-3.00077E-1
7.99984E-1	1.31028E-6	8.18925E-3	-9.58073E+0	1.36467E-1	-1.99790E-1
9.99987E-1	1.80218E-6	1.12636E-2	2.67942E+0	-2.02327E+0	9.60647E-2
1.19999E+0	2.30174E-6	1.43859E-2	6.98867E+0	-5.92690E+0	3.84024E-1
1.40000E+0	2.82887E-6	1.76804E-2	-7.80928E+0	-4.28187E+0	-6.15293E-1
1.60000E+0	3.41859E-6	2.13662E-2	-3.05606E+0	-6.85803E+0	-3.32551E-1
1.79998E+0	4.04482E-6	2.52801E-2	-4.49650E+0	-2.77334E-1	-6.51286E-1
1.99997E+0	4.76564E-6	2.97852E-2	4.90903E-1	-1.89179E+0	9.30831E-2
2.20000E+0	5.24626E-6	3.27891E-2	-2.45179E+0	-3.55451E+0	-5.62971E-1
2.39991E+0	5.99142E-6	3.74464E-2	-3.23067E-1	-3.26709E+0	-9.24160E-2
2.59988E+0	7.51010E-6	4.69381E-2	-1.02051E+0	8.58989E-1	-3.96412E-1
2.79987E+0	8.24766E-6	5.15479E-2	1.54111E-1	-1.93657E+0	7.07999E-2
2.99983E+0	1.16727E-5	7.29544E-2	5.80659E-1	-4.30230E-1	4.04501E-1
3.19991E+0	1.71339E-5	1.07087E-1	4.00056E-1	-8.94449E-1	4.36360E-1
3.39990E+0	2.58944E-5	1.61840E-1	1.08920E+0	-8.50494E-1	1.90770E+0
3.59986E+0	3.99456E-5	2.49660E-1	1.01315E+0	-4.90994E-1	2.89841E+0
3.79986E+0	5.81939E-5	3.63712E-1	1.08423E+0	-8.45668E-2	4.76976E+0
3.99979E+0	8.39795E-5	5.24872E-1	1.00016E+0	2.07817E-1	6.68357E+0
4.19981E+0	1.18529E-4	7.40806E-1	1.01563E+0	3.08567E-1	1.00582E+1
4.39976E+0	1.62599E-4	1.01624E+0	9.35956E-1	3.78425E-1	1.33209E+1
4.59982E+0	2.20584E-4	1.37865E+0	8.70536E-1	3.93993E-1	1.75724E+1
4.80013E+0	2.94422E-4	1.84014E+0	8.37172E-1	4.07773E-1	2.35379E+1
5.00011E+0	3.88088E-4	2.42555E+0	7.64919E-1	3.83676E-1	2.95294E+1
5.20011E+0	5.02336E-4	3.13960E+0	7.24839E-1	3.97703E-1	3.76685E+1
5.40005E+0	6.13612E-4	3.83508E+0	6.95612E-1	4.20152E-1	4.58552E+1
5.59998E+0	7.69923E-4	4.81202E+0	6.60178E-1	4.12386E-1	5.66272E+1
5.79999E+0	9.46723E-4	5.91702E+0	6.12021E-1	4.00149E-1	6.68569E+1
5.99996E+0	1.15266E-3	7.20413E+0	5.73193E-1	3.80533E-1	7.88644E+1
6.20007E+0	1.38509E-3	8.65681E+0	5.44421E-1	3.86966E-1	9.30122E+1
6.40008E+0	1.64445E-3	1.02778E+1	5.08360E-1	3.61869E-1	1.06441E+2
6.60002E+0	1.92604E-3	1.20377E+1	4.81200E-1	3.49470E-1	1.21693E+2
6.79999E+0	2.23662E-3	1.39789E+1	4.51528E-1	3.45041E-1	1.36620E+2
6.99997E+0	2.56973E-3	1.60608E+1	4.29825E-1	3.30605E-1	1.53817E+2
7.19997E+0	2.92578E-3	1.82861E+1	4.07660E-1	3.19559E-1	1.70845E+2
7.39999E+0	3.30906E-3	2.06816E+1	3.89124E-1	3.24857E-1	1.89563E+2
7.59999E+0	3.71680E-3	2.32300E+1	3.69068E-1	3.13921E-1	2.07405E+2
7.79998E+0	4.15734E-3	2.59834E+1	3.53279E-1	3.09320E-1	2.27907E+2
7.99996E+0	4.62636E-3	2.89148E+1	3.36363E-1	3.01597E-1	2.47665E+2
8.19990E+0	5.12909E-3	3.20568E+1	3.22155E-1	2.96362E-1	2.69553E+2
8.39999E+0	5.66640E-3	3.54150E+1	3.06445E-1	2.92849E-1	2.90180E+2
8.59996E+0	6.24161E-3	3.90101E+1	2.95069E-1	2.88035E-1	3.15098E+2
8.79992E+0	6.85469E-3	4.28418E+1	2.81092E-1	2.81166E-1	3.37322E+2
8.99996E+0	7.50870E-3	4.69294E+1	2.70525E-1	2.76920E-1	3.63700E+2
9.19988E+0	8.20553E-3	5.12846E+1	2.58309E-1	2.69879E-1	3.87935E+2
9.39989E+0	8.94487E-3	5.59054E+1	2.49063E-1	2.66312E-1	4.16617E+2
9.60020E+0	9.73077E-3	6.08173E+1	2.38844E-1	2.61369E-1	4.43886E+2
9.80018E+0	1.05756E-2	6.60975E+1	2.30053E-1	2.58282E-1	4.74348E+2
1.00002E+1	1.14524E-2	7.15775E+1	2.21193E-1	2.53187E-1	5.03972E+2
1.02001E+1	1.23830E-2	7.73937E+1	2.12656E-1	2.47147E-1	5.34365E+2
1.04001E+1	1.33755E-2	8.35969E+1	2.04073E-1	2.42488E-1	5.64758E+2
1.06001E+1	1.44026E-2	9.00162E+1	1.97346E-1	2.38446E-1	5.99391E+2
1.08000E+1	1.54888E-2	9.68050E+1	1.89786E-1	2.34479E-1	6.31591E+2
1.10001E+1	1.66386E-2	1.03991E+2	1.83294E-1	2.31427E-1	6.67407E+2
1.12000E+1	1.78370E-2	1.11481E+2	1.75850E-1	2.26558E-1	6.98898E+2
1.14001E+1	1.90975E-2	1.19359E+2	0.00000E+0	0.00000E+0	0.00000E+0
1.15243E+1	2.00004E-2	1.25003E+2	0.00000E+0	0.00000E+0	0.00000E+0
